
Date:9/2/2010
Time:14:36:8
Output format: Text
Calculations precision: 64

Initial Quadrature
Quadrature Nodes
(-0.61683759169700680546436134373913e-4,0)	(1.9997581411459940324603727695321,0)
(-0.55506251901501368021356229927877e-3,0)	(1.9990327985667971741611734418034,0)
(-0.15413331334360119011132956289778e-2,0)	(1.997824673984509290241998934467,0)
(-0.30195222724101561233938339641817e-2,0)	(1.9961349361816382550461856315598,0)
(-0.49881711417212163742821417601737e-2,0)	(1.9939652198703783603739717384149,0)
(-0.74453369226130409869593895593253e-2,0)	(1.9913176241111318437185158536305,0)
(-0.10388594689117109571260589168304e-1,0)	(1.9881947102818035147680355398629,0)
(-0.13815039801161699083177082940601e-1,0)	(1.9845994995998330564718977056493,0)
(-0.17721290771100953169822299306213e-1,0)	(1.9805354701993622743823726373505,0)
(-0.22103492600834936678665894182198e-1,0)	(1.9760065537663649461901529341564,0)
(-0.26957320586227340732622432142432e-1,0)	(1.9710171317349945660075182539709,0)
(-0.32277984585066337409001325345091e-1,0)	(1.9655720310488297713015654188496,0)
(-0.38060233744356621935908405301606e-1,0)	(1.9596765194911181737713218126641,0)
(-0.4429836168227737589333610068287e-1,0)	(1.953336300588536281670947504967,0)
(-0.50986212119692184534629437675347e-1,0)	(1.9465575080933957967187308743828,0)
(-0.58117184955653287840363435174276e-1,0)	(1.939346700049634394638561468441,0)
(-0.65684242780904376113359102894709e-1,0)	(1.9317108524483317600117964410897,0)
(-0.73679917822953889240308270934794e-1,0)	(1.9236573524788887539238004258226,0)
(-0.82096319315864870762496880925265e-1,0)	(1.9151939913823987626947772757994,0)
(-0.90925141287488283935170859557935e-1,0)	(1.9063289569141251293573023688413,0)
(-0.10015767075645473065666583832,0)	(1.8970708254223767341624233212009,0)
(-0.10978479633083513207552102806779,0)	(1.8874285535514449004124790275662,0)
(-0.11979701719998453091270281757755,0)	(1.8774114695766284983069189533965,0)
(-0.13018445251069515126450440830896,0)	(1.8670292643797300503946199905267,0)
(-0.14093685111840558481277331426683,0)	(1.8562919820737534633123316503538,0)
(-0.15204360170384283725342941427007,0)	(1.8452100102858733852594947454277,0)
(-0.16349374324511333064044467525062,0)	(1.8337940701080767887916016025872,0)
(-0.17527597583490817213683961455312,0)	(1.8220552057251988841732210945402,0)
(-0.18737867183214741354945816851952,0)	(1.8100047737303875686818384465875,0)
(-0.19978988733705797511768772505132,0)	(1.7976544321383330099580193888754,0)
(-0.21249737397836071704829193966651,0)	(1.7850161291068913542106890373958,0)
(-0.22548859100093412824109259990357,0)	(1.7721020913780136599374516837783,0)
(-0.23875071764202556750605105991085,0)	(1.7589248124491627118858072567278,0)
(-0.25227066578379623097475894593468,0)	(1.7454970404866611055508228412084,0)
(-0.26603509286971331138376902266414,0)	(1.7318317659926636573334689576737,0)
(-0.28003041507204242958347711735949,0)	(1.7179422092376855480368329399826,0)
(-0.29424282069744561297328263391214,0)	(1.7038418074708444170640744326623,0)
(-0.3086582838174551141357700079848,0)	(1.6895442019201896720785671908039,0)
(-0.32326257811037143763796622692986,0)	(1.6750632245956953559487094346897,0)
(-0.33804129090092529279982262383832,0)	(1.6604128849076838230634399885508,0)
(-0.35297983738384802111146763790524,0)	(1.6456073561136260358762190730983,0)
(-0.36806347501731355151983811976392,0)	(1.6306609616064303270710413194347,0)
(-0.38327731807204729411612778489856,0)	(1.6155881610574848224162541032038,0)
(-0.39860635232174375828118704332735,0)	(1.6004035364278592358246527351064,0)
(-0.41403544986029522669537749032144,0)	(1.585121777861199295430922512676,0)
(-0.42954938403120866941733043972195,0)	(1.5697576694719615142362280607614,0)
(-0.44513284445447736598776124083051,0)	(1.5543260750427372703270449849291,0)
(-0.46077045213607752748351987700327,0)	(1.5388419236445031118969419221525,0)
(-0.47644677464517866954754459465483,0)	(1.5233201951937087661997933610888,0)
(-0.49214634134408966212335232334505,0)	(1.5077759059601754370050777233694,0)
(-0.50785365865591033787664767665495,0)	(1.4922240940398245629949222766306,0)
(-0.52355322535482133045245540534517,0)	(1.4766798048062912338002066389112,0)
(-0.53922954786392247251648012299673,0)	(1.4611580763554968881030580778475,0)
(-0.55486715554552263401223875916949,0)	(1.4456739249572627296729550150709,0)
(-0.57045061596879133058266956027805,0)	(1.4302423305280384857637719392386,0)
(-0.58596455013970477330462250967856,0)	(1.414878222138800704569077487324,0)
(-0.60139364767825624171881295667265,0)	(1.3995964635721407641753472648936,0)
(-0.61672268192795270588387221510144,0)	(1.3844118389425151775837458967962,0)
(-0.63193652498268644848016188023608,0)	(1.3693390383935696729289586805653,0)
(-0.64702016261615197888853236209476,0)	(1.3543926438863739641237809269017,0)
(-0.66195870909907470720017737616168,0)	(1.3395871150923161769365600114492,0)
(-0.67673742188962856236203377307014,0)	(1.3249367754043046440512905653103,0)
(-0.6913417161825448858642299920152,0)	(1.3104557980798103279214328091961,0)
(-0.70575717930255438702671736608786,0)	(1.2961581925291555829359255673377,0)
(-0.71996958492795757041652288264051,0)	(1.2820577907623144519631670600174,0)
(-0.73396490713028668861623097733586,0)	(1.2681682340073363426665310423263,0)
(-0.74772933421620376902524105406532,0)	(1.2545029595133388944491771587916,0)
(-0.76124928235797443249394894008915,0)	(1.2410751875508372881141927432722,0)
(-0.77451140899906587175890740009643,0)	(1.2278979086219863400625483162217,0)
(-0.78750262602163928295170806033349,0)	(1.2149838708931086457893109626042,0)
(-0.80021011266294202488231227494868,0)	(1.2023455678616669900419806111246,0)
(-0.81262132816785258645054183148048,0)	(1.1899952262696124313181615534125,0)
(-0.82472402416509182786316038544688,0)	(1.1779447942748011158267789054598,0)
(-0.83650625675488666935955532474938,0)	(1.1662059298919232112083983974128,0)
(-0.84795639829615716274657058572993,0)	(1.1547899897141266147405052545723,0)
(-0.85906314888159441518722668573317,0)	(1.1437080179262465366876683496462,0)
(-0.86981554748930484873549559169104,0)	(1.1329707356202699496053800094733,0)
(-0.88020298280001546908729718242245,0)	(1.1225885304233715016930810466035,0)
(-0.89021520366916486792447897193221,0)	(1.1125714464485550995875209724338,0)
(-0.89984232924354526934333416168,0)	(1.1029291745776232658375766787991,0)
(-0.90907485871251171606482914044206,0)	(1.0936710430858748706426976311587,0)
(-0.91790368068413512923750311907473,0)	(1.0848060086176012373052227242006,0)
(-0.92632008217704611075969172906521,0)	(1.0763426475211112460761995741774,0)
(-0.93431575721909562388664089710529,0)	(1.0682891475516682399882035589103,0)
(-0.94188281504434671215963656482572,0)	(1.060653299950365605361438531559,0)
(-0.94901378788030781546537056232465,0)	(1.0534424919066042032812691256172,0)
(-0.95570163831772262410666389931713,0)	(1.046663699411463718329052495033,0)
(-0.96193976625564337806409159469839,0)	(1.0403234805088818262286781873359,0)
(-0.96772201541493366259099867465491,0)	(1.0344279689511702286984345811504,0)
(-0.97304267941377265926737756785757,0)	(1.0289828682650054339924817460291,0)
(-0.9778965073991650633213341058178,0)	(1.0239934462336350538098470658436,0)
(-0.98227870922889904683017770069379,0)	(1.0194645298006377256176273626495,0)
(-0.9861849601988383009168229170594,0)	(1.0154005004001669435281022943507,0)
(-0.9896114053108828904287394108317,0)	(1.0118052897181964852319644601371,0)
(-0.99255466307738695901304061044067,0)	(1.0086823758888681562814841463695,0)
(-0.99501182885827878362571785823983,0)	(1.0060347801296216396260282615851,0)
(-0.99698047772758984387660616603582,0)	(1.0038650638183617449538143684402,0)
(-0.99845866686656398809888670437102,0)	(1.002175326015490709758001065533,0)
(-0.99944493748098498631978643770072,0)	(1.0009672014332028258388265581966,0)
(-0.99993831624083029931945356386563,0)	(1.0002418588540059675396272304679,0)
(3,0)	(0,0)
Quadrature Weights
0.100000000000000000000000000000000e-1	0.19152503627778729481714023695362e-4
0.100000000000000000000000000000000e-1	0.76535917195282078293353830498412e-4
0.100000000000000000000000000000000e-1	0.17192823542313180755414151226777e-3
0.100000000000000000000000000000000e-1	0.30496040396370185204162959110217e-3
0.100000000000000000000000000000000e-1	0.47511774720069413484845674937757e-3
0.100000000000000000000000000000000e-1	0.6817419594291134395729620029788e-3
0.100000000000000000000000000000000e-1	0.92403365171215283819905930758332e-3
0.100000000000000000000000000000000e-1	0.12010554445616951556720501298805e-2
0.100000000000000000000000000000000e-1	0.1511735594477450417350486617374e-2
0.100000000000000000000000000000000e-1	0.1854872140314353874112824379381e-2
0.100000000000000000000000000000000e-1	0.22291375534367346452974449986883e-2
0.100000000000000000000000000000000e-1	0.2633083873668711873373861573728e-2
0.100000000000000000000000000000000e-1	0.30651483111708240542674307836101e-2
0.100000000000000000000000000000000e-1	0.35236592925703191252827506031647e-2
0.100000000000000000000000000000000e-1	0.40068429279538017830095170519723e-2
0.100000000000000000000000000000000e-1	0.45128298737026998032187785390431e-2
0.100000000000000000000000000000000e-1	0.50396625646205721673104387879528e-2
0.100000000000000000000000000000000e-1	0.55853027873725634052112289112356e-2
0.100000000000000000000000000000000e-1	0.61476395659368381766620358256651e-2
0.100000000000000000000000000000000e-1	0.6724497328560716374981386365331e-2
0.100000000000000000000000000000000e-1	0.73136443246251420381972015953534e-2
0.100000000000000000000000000000000e-1	0.79128012588542725579276686117543e-2
0.100000000000000000000000000000000e-1	0.85196501094661086289855829552189e-2
0.100000000000000000000000000000000e-1	0.91318430961484532297635262940095e-2
0.100000000000000000000000000000000e-1	0.97470117631648428315826193392198e-2
0.100000000000000000000000000000000e-1	0.1036277614244967853860976952651e-1
0.100000000000000000000000000000000e-1	0.10976753961242322184693960097606e-1
0.100000000000000000000000000000000e-1	0.11586569858637609810513317082692e-1
0.100000000000000000000000000000000e-1	0.12189864575395739057747606004036e-1
0.100000000000000000000000000000000e-1	0.12784304081457941304479585605906e-1
0.100000000000000000000000000000000e-1	0.13367588605855353583142761082965e-1
0.100000000000000000000000000000000e-1	0.13937461534076127070575731339849e-1
0.100000000000000000000000000000000e-1	0.14491718138468587273930078369776e-1
0.100000000000000000000000000000000e-1	0.15028214107904212116550638747085e-1
0.100000000000000000000000000000000e-1	0.15544873843700818895261169057343e-1
0.100000000000000000000000000000000e-1	0.16039698489710644924392840526486e-1
0.100000000000000000000000000000000e-1	0.16510773665506471065180229754202e-1
0.100000000000000000000000000000000e-1	0.16956276872747593332917458422848e-1
0.100000000000000000000000000000000e-1	0.17374484546071851451622157493001e-1
0.100000000000000000000000000000000e-1	0.17763778721235182854701451904968e-1
0.100000000000000000000000000000000e-1	0.18122653294700965597916381698997e-1
0.100000000000000000000000000000000e-1	0.18449719850462015049738543387915e-1
0.100000000000000000000000000000000e-1	0.18743713031552392014232294542234e-1
0.100000000000000000000000000000000e-1	0.1900349543546768660933310520127e-1
0.100000000000000000000000000000000e-1	0.19228062014554347841733034732097e-1
0.100000000000000000000000000000000e-1	0.19416543964343807413512329452485e-1
0.100000000000000000000000000000000e-1	0.19568212084788188411248228512137e-1
0.100000000000000000000000000000000e-1	0.19682479601393630898494489869601e-1
0.100000000000000000000000000000000e-1	0.19758904435336817628554434345882e-1
0.100000000000000000000000000000000e-1	0.19797190913782060048720252862023e-1
0.100000000000000000000000000000000e-1	0.19797190913782060048720252862023e-1
0.100000000000000000000000000000000e-1	0.19758904435336817628554434345882e-1
0.100000000000000000000000000000000e-1	0.19682479601393630898494489869601e-1
0.100000000000000000000000000000000e-1	0.19568212084788188411248228512137e-1
0.100000000000000000000000000000000e-1	0.19416543964343807413512329452485e-1
0.100000000000000000000000000000000e-1	0.19228062014554347841733034732097e-1
0.100000000000000000000000000000000e-1	0.1900349543546768660933310520127e-1
0.100000000000000000000000000000000e-1	0.18743713031552392014232294542234e-1
0.100000000000000000000000000000000e-1	0.18449719850462015049738543387915e-1
0.100000000000000000000000000000000e-1	0.18122653294700965597916381698997e-1
0.100000000000000000000000000000000e-1	0.17763778721235182854701451904968e-1
0.100000000000000000000000000000000e-1	0.17374484546071851451622157493001e-1
0.100000000000000000000000000000000e-1	0.16956276872747593332917458422848e-1
0.100000000000000000000000000000000e-1	0.16510773665506471065180229754202e-1
0.100000000000000000000000000000000e-1	0.16039698489710644924392840526486e-1
0.100000000000000000000000000000000e-1	0.15544873843700818895261169057343e-1
0.100000000000000000000000000000000e-1	0.15028214107904212116550638747085e-1
0.100000000000000000000000000000000e-1	0.14491718138468587273930078369776e-1
0.100000000000000000000000000000000e-1	0.13937461534076127070575731339849e-1
0.100000000000000000000000000000000e-1	0.13367588605855353583142761082965e-1
0.100000000000000000000000000000000e-1	0.12784304081457941304479585605906e-1
0.100000000000000000000000000000000e-1	0.12189864575395739057747606004036e-1
0.100000000000000000000000000000000e-1	0.11586569858637609810513317082692e-1
0.100000000000000000000000000000000e-1	0.10976753961242322184693960097606e-1
0.100000000000000000000000000000000e-1	0.1036277614244967853860976952651e-1
0.100000000000000000000000000000000e-1	0.97470117631648428315826193392198e-2
0.100000000000000000000000000000000e-1	0.91318430961484532297635262940095e-2
0.100000000000000000000000000000000e-1	0.85196501094661086289855829552189e-2
0.100000000000000000000000000000000e-1	0.79128012588542725579276686117543e-2
0.100000000000000000000000000000000e-1	0.73136443246251420381972015953534e-2
0.100000000000000000000000000000000e-1	0.6724497328560716374981386365331e-2
0.100000000000000000000000000000000e-1	0.61476395659368381766620358256651e-2
0.100000000000000000000000000000000e-1	0.55853027873725634052112289112356e-2
0.100000000000000000000000000000000e-1	0.50396625646205721673104387879528e-2
0.100000000000000000000000000000000e-1	0.45128298737026998032187785390431e-2
0.100000000000000000000000000000000e-1	0.40068429279538017830095170519723e-2
0.100000000000000000000000000000000e-1	0.35236592925703191252827506031647e-2
0.100000000000000000000000000000000e-1	0.30651483111708240542674307836101e-2
0.100000000000000000000000000000000e-1	0.2633083873668711873373861573728e-2
0.100000000000000000000000000000000e-1	0.22291375534367346452974449986883e-2
0.100000000000000000000000000000000e-1	0.1854872140314353874112824379381e-2
0.100000000000000000000000000000000e-1	0.1511735594477450417350486617374e-2
0.100000000000000000000000000000000e-1	0.12010554445616951556720501298805e-2
0.100000000000000000000000000000000e-1	0.92403365171215283819905930758332e-3
0.100000000000000000000000000000000e-1	0.6817419594291134395729620029788e-3
0.100000000000000000000000000000000e-1	0.47511774720069413484845674937757e-3
0.100000000000000000000000000000000e-1	0.30496040396370185204162959110217e-3
0.100000000000000000000000000000000e-1	0.17192823542313180755414151226777e-3
0.100000000000000000000000000000000e-1	0.76535917195282078293353830498412e-4
0.100000000000000000000000000000000e-1	0.19152503627778729481714023695362e-4
0.100000000000000000000000000000000	0

Vector_Stieltjes_procedure ...
0	0	-0.18181818181818181818181818181818	1
0	1.1260330578512396694214876033058	0.80818563967107065077528321934222	1
1.6758878832028421203234742862591	-0.93367097947489912151889420700932	3.6597139675066992681777344922063	1
-0.15397132964005722814101274829619	-1.6068629428256003932733706951511	0.53163302878957210131406563019622	1
2.4043601342027633902433500500914	1.4220467397651570664845622315135	0.51281479314507017801440156665251e-1	1
0.89275378037030090124029256455078e-1	0.14357814806466266249024657380032	1.4685280538554947906348233953176	1
-0.15429003744334926033357349410722	0.12306423727723455655049633970867	-0.46062625746441021113117725505762	1
0.12259324948072414145996595293899	0.12771528340712970676408564281888	1.4658696644500045072020839427286	1
-0.12382197385456578341081578059712	0.12841661970688656885733852325243	-0.46544955400307181975159431971248	1
0.12287927949537815816646895940733	0.1272630229925158728677882921248	1.466450899247071502436166511993	1
-0.12304746153129776016513097336301	0.12732792865955694175688407892422	-0.46640722020670968781525677910493	1
0.12293816471619241334176203992384	0.12721010164838284977684384619208	1.4665096546544428196880575085686	1
-0.12295533277027980519024937137788	0.12721777841401443351285354862855	-0.46650517725773125629225385153682	1
0.12294415350709858939705135081767	0.12720469228028482743087132354935	1.466516161434812505076382916651	1
-0.12294597935938824857525390961065	0.12720556524957835906509720828276	-0.46651568789624066877217904206512	1
0.12294479463325635827095146836471	0.12720411914789092916836057378825	1.466516878823170760863867710002	1
-0.12294499172628345696906255421637	0.12720421796319868371018623278529	-0.46651682782116194403764270035727	1
0.12294486404731525270514240633776	0.12720405739617129526333132551128	1.4665169583413016614893732144095	1
-0.12294488558439314952922257819463	0.12720406857018536835673106175508	-0.46651695277499648201961838784491	1
0.12294487164650354362246596370538	0.12720405065656318022818936256314	1.46651696720079805612383763945	1
-0.12294487402199855248857515108268	0.12720405192132941689875604948546	-0.46651696658725854817509122351706	1
0.12294487248567776802032503671167	0.12720404991381607958901493629342	1.466516968192577211562392244286	1
-0.12294487274962518891279053791101	0.12720405005721362284233093754694	-0.46651696812443008716950952756906	1
0.12294487257899596652870809414412	0.12720404983133670294362618924979	1.466516968304069252990712491287	1
-0.12294487260849827184929104378803	0.12720404984762610579842839974151	-0.46651696829645363713265563525379	1
0.12294487258943239905602650586403	0.12720404982212179596106443924261	1.4665169683166487987806918367958	1
-0.12294487259274607000964780652058	0.1272040498239757862730992620126	-0.46651696831579348877438460434981	1
0.1229448725906050941463050431988	0.12720404982108713981919068627533	1.466516968318072682572399156057	1
-0.12294487259097879846211219238647	0.1272040498212985442716805624589	-0.46651696831797622518091340412186	1
0.12294487259073738739799166568644	0.12720404982097048631927882490729	1.4665169683182343038098367648231	1
-0.12294487259077967773023684781856	0.12720404982099463392577540534494	-0.46651696831822338792223182856574	1
0.12294487259075236190560812789091	0.12720404982095728806485042729468	1.4665169683182526941277439413719	1
-0.1229448725907571618289574023342	0.12720404982096005074973976821781	-0.46651696831825145512155290912213	1
0.12294487259075406181073858284797	0.12720404982095579033880054774716	1.4665169683182547912441079498344	1
-0.12294487259075460799098809766586	0.12720404982095610688022288357829	-0.46651696831825465024939708857776	1
0.12294487259075425526952378460732	0.12720404982095561993876877843878	1.4665169683182550308475007320501	1
-0.12294487259075431755781236598912	0.1272040498209556562565605915537	-0.46651696831825501476681330289571	1
0.12294487259075427733474745834462	0.12720404982095560050819082207358	1.4665169683182550582702489975666	1
-0.12294487259075428445229435782146	0.12720404982095560468024434360582	-0.46651696831825505643260283087242	1
0.12294487259075427985632391513197	0.12720404982095559828813834494166	1.4665169683182550614136516705504	1
-0.12294487259075428067105036080603	0.12720404982095559876795803846833	-0.46651696831825506120328471710838	1
0.12294487259075428014498355265235	0.12720404982095559803403833881871	1.4665169683182550617744747318178	1
-0.12294487259075428023838852996916	0.12720404982095559808927971101406	-0.46651696831825506175035514198033	1
0.12294487259075428017807920142354	0.12720404982095559800490917428369	1.4665169683182550618159450057115	1
-0.12294487259075428018880269551174	0.12720404982095559801127527335845	-0.46651696831825506181317570598489	1
0.12294487259075428018187898814098	0.12720404982095559800156519371615	1.4665169683182550618207167639136	1
-0.12294487259075428018311167261919	0.12720404982095559800229949248511	-0.46651696831825506182039840386955	1
0.12294487259075428018231579873728	0.12720404982095559800118082119774	1.4665169683182550618212664005321	1
-0.12294487259075428018245766075848	0.12720404982095559800126558956319	-0.4665169683182550618212297597451	1
0.12294487259075428018236607034004	0.12720404982095559800113658859401	1.4665169683182550618213297715454	1
-0.12294487259075428018238241345826	0.12720404982095559800114638192441	-0.46651696831825506182132555006749	1
0.12294487259075428018237186201831	0.12720404982095559800113149305919	1.4665169683182550618213370844502	1
-0.12294487259075428018237374662087	0.12720404982095559800113262530082	-0.46651696831825506182133659761811	1
0.12294487259075428018237252990102	0.12720404982095559800113090549506	1.466516968318255061821337929036	1
-0.12294487259075428018237274741485	0.12720404982095559800113103648523	-0.46651696831825506182133787284394	1
0.12294487259075428018237260698721	0.12720404982095559800113083768331	1.4665169683182550618213380266531	1
-0.12294487259075428018237263211222	0.12720404982095559800113085284718	-0.46651696831825506182133802016193	1
0.12294487259075428018237261589159	0.12720404982095559800113082985067	1.4665169683182550618213380379436	1
-0.12294487259075428018237261879596	0.12720404982095559800113083160712	-0.46651696831825506182133803719316	1
0.12294487259075428018237261692093	0.12720404982095559800113082894527	1.4665169683182550618213380392503	1
-0.1229448725907542801823726172569	0.12720404982095559800113082914883	-0.46651696831825506182133803916347	1
0.12294487259075428018237261704	0.12720404982095559800113082884054	1.4665169683182550618213380394016	1
-0.12294487259075428018237261707889	0.12720404982095559800113082886415	-0.46651696831825506182133803939156	1
0.12294487259075428018237261705378	0.12720404982095559800113082882842	1.4665169683182550618213380394191	1
-0.12294487259075428018237261705829	0.12720404982095559800113082883116	-0.46651696831825506182133803941798	1
0.12294487259075428018237261705538	0.12720404982095559800113082882701	1.4665169683182550618213380394212	1
-0.1229448725907542801823726170559	0.12720404982095559800113082882733	-0.46651696831825506182133803942104	1
0.12294487259075428018237261705556	0.12720404982095559800113082882685	1.4665169683182550618213380394214	1
-0.12294487259075428018237261705562	0.12720404982095559800113082882689	-0.46651696831825506182133803942139	1
0.12294487259075428018237261705558	0.12720404982095559800113082882683	1.4665169683182550618213380394214	1
-0.12294487259075428018237261705559	0.12720404982095559800113082882684	-0.46651696831825506182133803942144	1
0.12294487259075428018237261705559	0.12720404982095559800113082882683	1.4665169683182550618213380394214	1
-0.12294487259075428018237261705559	0.12720404982095559800113082882683	-0.46651696831825506182133803942144	1
0.12294487259075428018237261705559	0.12720404982095559800113082882683	1.4665169683182550618213380394214	1
-0.12294487259075428018237261705559	0.12720404982095559800113082882683	-0.46651696831825506182133803942144	1
0.12294487259075428018237261705559	0.12720404982095559800113082882683	1.4665169683182550618213380394214	1
-0.12294487259075428018237261705559	0.12720404982095559800113082882683	-0.46651696831825506182133803942144	1
0.12294487259075428018237261705559	0.12720404982095559800113082882683	1.4665169683182550618213380394215	1
-0.12294487259075428018237261705559	0.12720404982095559800113082882691	-0.4665169683182550618213380394214	1
0.12294487259075428018237261705584	0.12720404982095559800113082882696	1.4665169683182550618213380394245	1
-0.12294487259075428018237261705578	0.12720404982095559800113082883131	-0.46651696831825506182133803941918	1
0.12294487259075428018237261707054	0.12720404982095559800113082883454	1.4665169683182550618213380395981	1
-0.12294487259075428018237261706672	0.12720404982095559800113082908681	-0.46651696831825506182133803928992	1
0.12294487259075428018237261792397	0.12720404982095559800113082927461	1.466516968318255061821338049684	1
-0.12294487259075428018237261770208	0.12720404982095559800113084392902	-0.46651696831825506182133803178121	1
0.12294487259075428018237266750087	0.12720404982095559800113085483888	1.4665169683182550618213386355831	1
-0.12294487259075428018237265461091	0.12720404982095559800113170612747	-0.46651696831825506182133759559308	1
0.12294487259075428018237554747033	0.12720404982095559800113233989182	1.4665169683182550618213726710275	1
-0.12294487259075428018237479868049	0.12720404982095559800118179206578	-0.46651696831825506182131225700467	1
0.12294487259075428018254284766983	0.12720404982095559800121860804705	1.4665169683182550618233498227654	1
-0.12294487259075428018249934974703	0.12720404982095559800409133245285	-0.46651696831825506181984031400403	1
0.12294487259075428019226147736132	0.1272040498209555980062300082564	1.4665169683182550619382044711272	1
-0.12294487259075428018973464113901	0.12720404982095559817310933528882	-0.46651696831825506173433372768471	1
0.12294487259075428075682603472606	0.12720404982095559829734707216182	1.4665169683182550686102215941206	1
-0.12294487259075428061003968534664	0.12720404982095560799152787646951	-0.46651696831825505676717378954831	1
0.12294487259075431355292482133172	0.1272040498209556152086176465575	1.4665169683182554561941211095343	1
-0.12294487259075430502596443748565	0.12720404982095617835291561192127	-0.4665169683182547682200698402871	1
0.1229448725907562187098844459079	0.1272040498209565976006100765448	1.4665169683182779713160691439684	1
-0.1229448725907557233705446838599	0.12720404982098931119516052809653	-0.46651696831823800624094405041389	1
0.12294487259086689111224616162303	0.12720404982101366569744791533215	1.4665169683195858964310395337473	1
-0.12294487259083811637301066948796	0.12720404982291402990654288244344	-0.46651696831726428673252680775211	0
Matrix from Quadrature
-0.18181818181818181818181818181818	1	0	0	0	0	0	0	0	0	0	0	0	0	0	0	0	0	0	0	0	0	0	0	0	0	0	0	0	0	0	0	0	0	0	0	0	0	0	0	0	0	0	0	0	0	0	0	0	0	0	0	0	0	0	0	0	0	0	0	0	0	0	0	0	0	0	0	0	0	0	0	0	0	0	0	0	0	0	0	0	0	0	0	0	0	0	0	0	0	0	0	0	0	0	0	0	0	0	0	0
1.1260330578512396694214876033058	0.80818563967107065077528321934222	1	0	0	0	0	0	0	0	0	0	0	0	0	0	0	0	0	0	0	0	0	0	0	0	0	0	0	0	0	0	0	0	0	0	0	0	0	0	0	0	0	0	0	0	0	0	0	0	0	0	0	0	0	0	0	0	0	0	0	0	0	0	0	0	0	0	0	0	0	0	0	0	0	0	0	0	0	0	0	0	0	0	0	0	0	0	0	0	0	0	0	0	0	0	0	0	0	0	0
1.6758878832028421203234742862591	-0.93367097947489912151889420700932	3.6597139675066992681777344922063	1	0	0	0	0	0	0	0	0	0	0	0	0	0	0	0	0	0	0	0	0	0	0	0	0	0	0	0	0	0	0	0	0	0	0	0	0	0	0	0	0	0	0	0	0	0	0	0	0	0	0	0	0	0	0	0	0	0	0	0	0	0	0	0	0	0	0	0	0	0	0	0	0	0	0	0	0	0	0	0	0	0	0	0	0	0	0	0	0	0	0	0	0	0	0	0	0	0
0	-0.15397132964005722814101274829619	-1.6068629428256003932733706951511	0.53163302878957210131406563019622	1	0	0	0	0	0	0	0	0	0	0	0	0	0	0	0	0	0	0	0	0	0	0	0	0	0	0	0	0	0	0	0	0	0	0	0	0	0	0	0	0	0	0	0	0	0	0	0	0	0	0	0	0	0	0	0	0	0	0	0	0	0	0	0	0	0	0	0	0	0	0	0	0	0	0	0	0	0	0	0	0	0	0	0	0	0	0	0	0	0	0	0	0	0	0	0	0
0	0	2.4043601342027633902433500500914	1.4220467397651570664845622315135	0.51281479314507017801440156665251e-1	1	0	0	0	0	0	0	0	0	0	0	0	0	0	0	0	0	0	0	0	0	0	0	0	0	0	0	0	0	0	0	0	0	0	0	0	0	0	0	0	0	0	0	0	0	0	0	0	0	0	0	0	0	0	0	0	0	0	0	0	0	0	0	0	0	0	0	0	0	0	0	0	0	0	0	0	0	0	0	0	0	0	0	0	0	0	0	0	0	0	0	0	0	0	0	0
0	0	0	0.89275378037030090124029256455078e-1	0.14357814806466266249024657380032	1.4685280538554947906348233953176	1	0	0	0	0	0	0	0	0	0	0	0	0	0	0	0	0	0	0	0	0	0	0	0	0	0	0	0	0	0	0	0	0	0	0	0	0	0	0	0	0	0	0	0	0	0	0	0	0	0	0	0	0	0	0	0	0	0	0	0	0	0	0	0	0	0	0	0	0	0	0	0	0	0	0	0	0	0	0	0	0	0	0	0	0	0	0	0	0	0	0	0	0	0	0
0	0	0	0	-0.15429003744334926033357349410722	0.12306423727723455655049633970867	-0.46062625746441021113117725505762	1	0	0	0	0	0	0	0	0	0	0	0	0	0	0	0	0	0	0	0	0	0	0	0	0	0	0	0	0	0	0	0	0	0	0	0	0	0	0	0	0	0	0	0	0	0	0	0	0	0	0	0	0	0	0	0	0	0	0	0	0	0	0	0	0	0	0	0	0	0	0	0	0	0	0	0	0	0	0	0	0	0	0	0	0	0	0	0	0	0	0	0	0	0
0	0	0	0	0	0.12259324948072414145996595293899	0.12771528340712970676408564281888	1.4658696644500045072020839427286	1	0	0	0	0	0	0	0	0	0	0	0	0	0	0	0	0	0	0	0	0	0	0	0	0	0	0	0	0	0	0	0	0	0	0	0	0	0	0	0	0	0	0	0	0	0	0	0	0	0	0	0	0	0	0	0	0	0	0	0	0	0	0	0	0	0	0	0	0	0	0	0	0	0	0	0	0	0	0	0	0	0	0	0	0	0	0	0	0	0	0	0	0
0	0	0	0	0	0	-0.12382197385456578341081578059712	0.12841661970688656885733852325243	-0.46544955400307181975159431971248	1	0	0	0	0	0	0	0	0	0	0	0	0	0	0	0	0	0	0	0	0	0	0	0	0	0	0	0	0	0	0	0	0	0	0	0	0	0	0	0	0	0	0	0	0	0	0	0	0	0	0	0	0	0	0	0	0	0	0	0	0	0	0	0	0	0	0	0	0	0	0	0	0	0	0	0	0	0	0	0	0	0	0	0	0	0	0	0	0	0	0	0
0	0	0	0	0	0	0	0.12287927949537815816646895940733	0.1272630229925158728677882921248	1.466450899247071502436166511993	1	0	0	0	0	0	0	0	0	0	0	0	0	0	0	0	0	0	0	0	0	0	0	0	0	0	0	0	0	0	0	0	0	0	0	0	0	0	0	0	0	0	0	0	0	0	0	0	0	0	0	0	0	0	0	0	0	0	0	0	0	0	0	0	0	0	0	0	0	0	0	0	0	0	0	0	0	0	0	0	0	0	0	0	0	0	0	0	0	0	0
0	0	0	0	0	0	0	0	-0.12304746153129776016513097336301	0.12732792865955694175688407892422	-0.46640722020670968781525677910493	1	0	0	0	0	0	0	0	0	0	0	0	0	0	0	0	0	0	0	0	0	0	0	0	0	0	0	0	0	0	0	0	0	0	0	0	0	0	0	0	0	0	0	0	0	0	0	0	0	0	0	0	0	0	0	0	0	0	0	0	0	0	0	0	0	0	0	0	0	0	0	0	0	0	0	0	0	0	0	0	0	0	0	0	0	0	0	0	0	0
0	0	0	0	0	0	0	0	0	0.12293816471619241334176203992384	0.12721010164838284977684384619208	1.4665096546544428196880575085686	1	0	0	0	0	0	0	0	0	0	0	0	0	0	0	0	0	0	0	0	0	0	0	0	0	0	0	0	0	0	0	0	0	0	0	0	0	0	0	0	0	0	0	0	0	0	0	0	0	0	0	0	0	0	0	0	0	0	0	0	0	0	0	0	0	0	0	0	0	0	0	0	0	0	0	0	0	0	0	0	0	0	0	0	0	0	0	0	0
0	0	0	0	0	0	0	0	0	0	-0.12295533277027980519024937137788	0.12721777841401443351285354862855	-0.46650517725773125629225385153682	1	0	0	0	0	0	0	0	0	0	0	0	0	0	0	0	0	0	0	0	0	0	0	0	0	0	0	0	0	0	0	0	0	0	0	0	0	0	0	0	0	0	0	0	0	0	0	0	0	0	0	0	0	0	0	0	0	0	0	0	0	0	0	0	0	0	0	0	0	0	0	0	0	0	0	0	0	0	0	0	0	0	0	0	0	0	0	0
0	0	0	0	0	0	0	0	0	0	0	0.12294415350709858939705135081767	0.12720469228028482743087132354935	1.466516161434812505076382916651	1	0	0	0	0	0	0	0	0	0	0	0	0	0	0	0	0	0	0	0	0	0	0	0	0	0	0	0	0	0	0	0	0	0	0	0	0	0	0	0	0	0	0	0	0	0	0	0	0	0	0	0	0	0	0	0	0	0	0	0	0	0	0	0	0	0	0	0	0	0	0	0	0	0	0	0	0	0	0	0	0	0	0	0	0	0	0
0	0	0	0	0	0	0	0	0	0	0	0	-0.12294597935938824857525390961065	0.12720556524957835906509720828276	-0.46651568789624066877217904206512	1	0	0	0	0	0	0	0	0	0	0	0	0	0	0	0	0	0	0	0	0	0	0	0	0	0	0	0	0	0	0	0	0	0	0	0	0	0	0	0	0	0	0	0	0	0	0	0	0	0	0	0	0	0	0	0	0	0	0	0	0	0	0	0	0	0	0	0	0	0	0	0	0	0	0	0	0	0	0	0	0	0	0	0	0	0
0	0	0	0	0	0	0	0	0	0	0	0	0	0.12294479463325635827095146836471	0.12720411914789092916836057378825	1.466516878823170760863867710002	1	0	0	0	0	0	0	0	0	0	0	0	0	0	0	0	0	0	0	0	0	0	0	0	0	0	0	0	0	0	0	0	0	0	0	0	0	0	0	0	0	0	0	0	0	0	0	0	0	0	0	0	0	0	0	0	0	0	0	0	0	0	0	0	0	0	0	0	0	0	0	0	0	0	0	0	0	0	0	0	0	0	0	0	0
0	0	0	0	0	0	0	0	0	0	0	0	0	0	-0.12294499172628345696906255421637	0.12720421796319868371018623278529	-0.46651682782116194403764270035727	1	0	0	0	0	0	0	0	0	0	0	0	0	0	0	0	0	0	0	0	0	0	0	0	0	0	0	0	0	0	0	0	0	0	0	0	0	0	0	0	0	0	0	0	0	0	0	0	0	0	0	0	0	0	0	0	0	0	0	0	0	0	0	0	0	0	0	0	0	0	0	0	0	0	0	0	0	0	0	0	0	0	0	0
0	0	0	0	0	0	0	0	0	0	0	0	0	0	0	0.12294486404731525270514240633776	0.12720405739617129526333132551128	1.4665169583413016614893732144095	1	0	0	0	0	0	0	0	0	0	0	0	0	0	0	0	0	0	0	0	0	0	0	0	0	0	0	0	0	0	0	0	0	0	0	0	0	0	0	0	0	0	0	0	0	0	0	0	0	0	0	0	0	0	0	0	0	0	0	0	0	0	0	0	0	0	0	0	0	0	0	0	0	0	0	0	0	0	0	0	0	0	0
0	0	0	0	0	0	0	0	0	0	0	0	0	0	0	0	-0.12294488558439314952922257819463	0.12720406857018536835673106175508	-0.46651695277499648201961838784491	1	0	0	0	0	0	0	0	0	0	0	0	0	0	0	0	0	0	0	0	0	0	0	0	0	0	0	0	0	0	0	0	0	0	0	0	0	0	0	0	0	0	0	0	0	0	0	0	0	0	0	0	0	0	0	0	0	0	0	0	0	0	0	0	0	0	0	0	0	0	0	0	0	0	0	0	0	0	0	0	0	0
0	0	0	0	0	0	0	0	0	0	0	0	0	0	0	0	0	0.12294487164650354362246596370538	0.12720405065656318022818936256314	1.46651696720079805612383763945	1	0	0	0	0	0	0	0	0	0	0	0	0	0	0	0	0	0	0	0	0	0	0	0	0	0	0	0	0	0	0	0	0	0	0	0	0	0	0	0	0	0	0	0	0	0	0	0	0	0	0	0	0	0	0	0	0	0	0	0	0	0	0	0	0	0	0	0	0	0	0	0	0	0	0	0	0	0	0	0	0
0	0	0	0	0	0	0	0	0	0	0	0	0	0	0	0	0	0	-0.12294487402199855248857515108268	0.12720405192132941689875604948546	-0.46651696658725854817509122351706	1	0	0	0	0	0	0	0	0	0	0	0	0	0	0	0	0	0	0	0	0	0	0	0	0	0	0	0	0	0	0	0	0	0	0	0	0	0	0	0	0	0	0	0	0	0	0	0	0	0	0	0	0	0	0	0	0	0	0	0	0	0	0	0	0	0	0	0	0	0	0	0	0	0	0	0	0	0	0	0
0	0	0	0	0	0	0	0	0	0	0	0	0	0	0	0	0	0	0	0.12294487248567776802032503671167	0.12720404991381607958901493629342	1.466516968192577211562392244286	1	0	0	0	0	0	0	0	0	0	0	0	0	0	0	0	0	0	0	0	0	0	0	0	0	0	0	0	0	0	0	0	0	0	0	0	0	0	0	0	0	0	0	0	0	0	0	0	0	0	0	0	0	0	0	0	0	0	0	0	0	0	0	0	0	0	0	0	0	0	0	0	0	0	0	0	0	0	0
0	0	0	0	0	0	0	0	0	0	0	0	0	0	0	0	0	0	0	0	-0.12294487274962518891279053791101	0.12720405005721362284233093754694	-0.46651696812443008716950952756906	1	0	0	0	0	0	0	0	0	0	0	0	0	0	0	0	0	0	0	0	0	0	0	0	0	0	0	0	0	0	0	0	0	0	0	0	0	0	0	0	0	0	0	0	0	0	0	0	0	0	0	0	0	0	0	0	0	0	0	0	0	0	0	0	0	0	0	0	0	0	0	0	0	0	0	0	0	0
0	0	0	0	0	0	0	0	0	0	0	0	0	0	0	0	0	0	0	0	0	0.12294487257899596652870809414412	0.12720404983133670294362618924979	1.466516968304069252990712491287	1	0	0	0	0	0	0	0	0	0	0	0	0	0	0	0	0	0	0	0	0	0	0	0	0	0	0	0	0	0	0	0	0	0	0	0	0	0	0	0	0	0	0	0	0	0	0	0	0	0	0	0	0	0	0	0	0	0	0	0	0	0	0	0	0	0	0	0	0	0	0	0	0	0	0	0	0
0	0	0	0	0	0	0	0	0	0	0	0	0	0	0	0	0	0	0	0	0	0	-0.12294487260849827184929104378803	0.12720404984762610579842839974151	-0.46651696829645363713265563525379	1	0	0	0	0	0	0	0	0	0	0	0	0	0	0	0	0	0	0	0	0	0	0	0	0	0	0	0	0	0	0	0	0	0	0	0	0	0	0	0	0	0	0	0	0	0	0	0	0	0	0	0	0	0	0	0	0	0	0	0	0	0	0	0	0	0	0	0	0	0	0	0	0	0	0	0
0	0	0	0	0	0	0	0	0	0	0	0	0	0	0	0	0	0	0	0	0	0	0	0.12294487258943239905602650586403	0.12720404982212179596106443924261	1.4665169683166487987806918367958	1	0	0	0	0	0	0	0	0	0	0	0	0	0	0	0	0	0	0	0	0	0	0	0	0	0	0	0	0	0	0	0	0	0	0	0	0	0	0	0	0	0	0	0	0	0	0	0	0	0	0	0	0	0	0	0	0	0	0	0	0	0	0	0	0	0	0	0	0	0	0	0	0	0	0
0	0	0	0	0	0	0	0	0	0	0	0	0	0	0	0	0	0	0	0	0	0	0	0	-0.12294487259274607000964780652058	0.1272040498239757862730992620126	-0.46651696831579348877438460434981	1	0	0	0	0	0	0	0	0	0	0	0	0	0	0	0	0	0	0	0	0	0	0	0	0	0	0	0	0	0	0	0	0	0	0	0	0	0	0	0	0	0	0	0	0	0	0	0	0	0	0	0	0	0	0	0	0	0	0	0	0	0	0	0	0	0	0	0	0	0	0	0	0	0
0	0	0	0	0	0	0	0	0	0	0	0	0	0	0	0	0	0	0	0	0	0	0	0	0	0.1229448725906050941463050431988	0.12720404982108713981919068627533	1.466516968318072682572399156057	1	0	0	0	0	0	0	0	0	0	0	0	0	0	0	0	0	0	0	0	0	0	0	0	0	0	0	0	0	0	0	0	0	0	0	0	0	0	0	0	0	0	0	0	0	0	0	0	0	0	0	0	0	0	0	0	0	0	0	0	0	0	0	0	0	0	0	0	0	0	0	0	0
0	0	0	0	0	0	0	0	0	0	0	0	0	0	0	0	0	0	0	0	0	0	0	0	0	0	-0.12294487259097879846211219238647	0.1272040498212985442716805624589	-0.46651696831797622518091340412186	1	0	0	0	0	0	0	0	0	0	0	0	0	0	0	0	0	0	0	0	0	0	0	0	0	0	0	0	0	0	0	0	0	0	0	0	0	0	0	0	0	0	0	0	0	0	0	0	0	0	0	0	0	0	0	0	0	0	0	0	0	0	0	0	0	0	0	0	0	0	0	0
0	0	0	0	0	0	0	0	0	0	0	0	0	0	0	0	0	0	0	0	0	0	0	0	0	0	0	0.12294487259073738739799166568644	0.12720404982097048631927882490729	1.4665169683182343038098367648231	1	0	0	0	0	0	0	0	0	0	0	0	0	0	0	0	0	0	0	0	0	0	0	0	0	0	0	0	0	0	0	0	0	0	0	0	0	0	0	0	0	0	0	0	0	0	0	0	0	0	0	0	0	0	0	0	0	0	0	0	0	0	0	0	0	0	0	0	0	0	0
0	0	0	0	0	0	0	0	0	0	0	0	0	0	0	0	0	0	0	0	0	0	0	0	0	0	0	0	-0.12294487259077967773023684781856	0.12720404982099463392577540534494	-0.46651696831822338792223182856574	1	0	0	0	0	0	0	0	0	0	0	0	0	0	0	0	0	0	0	0	0	0	0	0	0	0	0	0	0	0	0	0	0	0	0	0	0	0	0	0	0	0	0	0	0	0	0	0	0	0	0	0	0	0	0	0	0	0	0	0	0	0	0	0	0	0	0	0	0	0
0	0	0	0	0	0	0	0	0	0	0	0	0	0	0	0	0	0	0	0	0	0	0	0	0	0	0	0	0	0.12294487259075236190560812789091	0.12720404982095728806485042729468	1.4665169683182526941277439413719	1	0	0	0	0	0	0	0	0	0	0	0	0	0	0	0	0	0	0	0	0	0	0	0	0	0	0	0	0	0	0	0	0	0	0	0	0	0	0	0	0	0	0	0	0	0	0	0	0	0	0	0	0	0	0	0	0	0	0	0	0	0	0	0	0	0	0	0	0
0	0	0	0	0	0	0	0	0	0	0	0	0	0	0	0	0	0	0	0	0	0	0	0	0	0	0	0	0	0	-0.1229448725907571618289574023342	0.12720404982096005074973976821781	-0.46651696831825145512155290912213	1	0	0	0	0	0	0	0	0	0	0	0	0	0	0	0	0	0	0	0	0	0	0	0	0	0	0	0	0	0	0	0	0	0	0	0	0	0	0	0	0	0	0	0	0	0	0	0	0	0	0	0	0	0	0	0	0	0	0	0	0	0	0	0	0	0	0	0
0	0	0	0	0	0	0	0	0	0	0	0	0	0	0	0	0	0	0	0	0	0	0	0	0	0	0	0	0	0	0	0.12294487259075406181073858284797	0.12720404982095579033880054774716	1.4665169683182547912441079498344	1	0	0	0	0	0	0	0	0	0	0	0	0	0	0	0	0	0	0	0	0	0	0	0	0	0	0	0	0	0	0	0	0	0	0	0	0	0	0	0	0	0	0	0	0	0	0	0	0	0	0	0	0	0	0	0	0	0	0	0	0	0	0	0	0	0	0
0	0	0	0	0	0	0	0	0	0	0	0	0	0	0	0	0	0	0	0	0	0	0	0	0	0	0	0	0	0	0	0	-0.12294487259075460799098809766586	0.12720404982095610688022288357829	-0.46651696831825465024939708857776	1	0	0	0	0	0	0	0	0	0	0	0	0	0	0	0	0	0	0	0	0	0	0	0	0	0	0	0	0	0	0	0	0	0	0	0	0	0	0	0	0	0	0	0	0	0	0	0	0	0	0	0	0	0	0	0	0	0	0	0	0	0	0	0	0	0
0	0	0	0	0	0	0	0	0	0	0	0	0	0	0	0	0	0	0	0	0	0	0	0	0	0	0	0	0	0	0	0	0	0.12294487259075425526952378460732	0.12720404982095561993876877843878	1.4665169683182550308475007320501	1	0	0	0	0	0	0	0	0	0	0	0	0	0	0	0	0	0	0	0	0	0	0	0	0	0	0	0	0	0	0	0	0	0	0	0	0	0	0	0	0	0	0	0	0	0	0	0	0	0	0	0	0	0	0	0	0	0	0	0	0	0	0	0	0
0	0	0	0	0	0	0	0	0	0	0	0	0	0	0	0	0	0	0	0	0	0	0	0	0	0	0	0	0	0	0	0	0	0	-0.12294487259075431755781236598912	0.1272040498209556562565605915537	-0.46651696831825501476681330289571	1	0	0	0	0	0	0	0	0	0	0	0	0	0	0	0	0	0	0	0	0	0	0	0	0	0	0	0	0	0	0	0	0	0	0	0	0	0	0	0	0	0	0	0	0	0	0	0	0	0	0	0	0	0	0	0	0	0	0	0	0	0	0	0
0	0	0	0	0	0	0	0	0	0	0	0	0	0	0	0	0	0	0	0	0	0	0	0	0	0	0	0	0	0	0	0	0	0	0	0.12294487259075427733474745834462	0.12720404982095560050819082207358	1.4665169683182550582702489975666	1	0	0	0	0	0	0	0	0	0	0	0	0	0	0	0	0	0	0	0	0	0	0	0	0	0	0	0	0	0	0	0	0	0	0	0	0	0	0	0	0	0	0	0	0	0	0	0	0	0	0	0	0	0	0	0	0	0	0	0	0	0	0
0	0	0	0	0	0	0	0	0	0	0	0	0	0	0	0	0	0	0	0	0	0	0	0	0	0	0	0	0	0	0	0	0	0	0	0	-0.12294487259075428445229435782146	0.12720404982095560468024434360582	-0.46651696831825505643260283087242	1	0	0	0	0	0	0	0	0	0	0	0	0	0	0	0	0	0	0	0	0	0	0	0	0	0	0	0	0	0	0	0	0	0	0	0	0	0	0	0	0	0	0	0	0	0	0	0	0	0	0	0	0	0	0	0	0	0	0	0	0	0
0	0	0	0	0	0	0	0	0	0	0	0	0	0	0	0	0	0	0	0	0	0	0	0	0	0	0	0	0	0	0	0	0	0	0	0	0	0.12294487259075427985632391513197	0.12720404982095559828813834494166	1.4665169683182550614136516705504	1	0	0	0	0	0	0	0	0	0	0	0	0	0	0	0	0	0	0	0	0	0	0	0	0	0	0	0	0	0	0	0	0	0	0	0	0	0	0	0	0	0	0	0	0	0	0	0	0	0	0	0	0	0	0	0	0	0	0	0	0
0	0	0	0	0	0	0	0	0	0	0	0	0	0	0	0	0	0	0	0	0	0	0	0	0	0	0	0	0	0	0	0	0	0	0	0	0	0	-0.12294487259075428067105036080603	0.12720404982095559876795803846833	-0.46651696831825506120328471710838	1	0	0	0	0	0	0	0	0	0	0	0	0	0	0	0	0	0	0	0	0	0	0	0	0	0	0	0	0	0	0	0	0	0	0	0	0	0	0	0	0	0	0	0	0	0	0	0	0	0	0	0	0	0	0	0	0	0	0	0
0	0	0	0	0	0	0	0	0	0	0	0	0	0	0	0	0	0	0	0	0	0	0	0	0	0	0	0	0	0	0	0	0	0	0	0	0	0	0	0.12294487259075428014498355265235	0.12720404982095559803403833881871	1.4665169683182550617744747318178	1	0	0	0	0	0	0	0	0	0	0	0	0	0	0	0	0	0	0	0	0	0	0	0	0	0	0	0	0	0	0	0	0	0	0	0	0	0	0	0	0	0	0	0	0	0	0	0	0	0	0	0	0	0	0	0	0	0	0
0	0	0	0	0	0	0	0	0	0	0	0	0	0	0	0	0	0	0	0	0	0	0	0	0	0	0	0	0	0	0	0	0	0	0	0	0	0	0	0	-0.12294487259075428023838852996916	0.12720404982095559808927971101406	-0.46651696831825506175035514198033	1	0	0	0	0	0	0	0	0	0	0	0	0	0	0	0	0	0	0	0	0	0	0	0	0	0	0	0	0	0	0	0	0	0	0	0	0	0	0	0	0	0	0	0	0	0	0	0	0	0	0	0	0	0	0	0	0	0
0	0	0	0	0	0	0	0	0	0	0	0	0	0	0	0	0	0	0	0	0	0	0	0	0	0	0	0	0	0	0	0	0	0	0	0	0	0	0	0	0	0.12294487259075428017807920142354	0.12720404982095559800490917428369	1.4665169683182550618159450057115	1	0	0	0	0	0	0	0	0	0	0	0	0	0	0	0	0	0	0	0	0	0	0	0	0	0	0	0	0	0	0	0	0	0	0	0	0	0	0	0	0	0	0	0	0	0	0	0	0	0	0	0	0	0	0	0	0
0	0	0	0	0	0	0	0	0	0	0	0	0	0	0	0	0	0	0	0	0	0	0	0	0	0	0	0	0	0	0	0	0	0	0	0	0	0	0	0	0	0	-0.12294487259075428018880269551174	0.12720404982095559801127527335845	-0.46651696831825506181317570598489	1	0	0	0	0	0	0	0	0	0	0	0	0	0	0	0	0	0	0	0	0	0	0	0	0	0	0	0	0	0	0	0	0	0	0	0	0	0	0	0	0	0	0	0	0	0	0	0	0	0	0	0	0	0	0	0
0	0	0	0	0	0	0	0	0	0	0	0	0	0	0	0	0	0	0	0	0	0	0	0	0	0	0	0	0	0	0	0	0	0	0	0	0	0	0	0	0	0	0	0.12294487259075428018187898814098	0.12720404982095559800156519371615	1.4665169683182550618207167639136	1	0	0	0	0	0	0	0	0	0	0	0	0	0	0	0	0	0	0	0	0	0	0	0	0	0	0	0	0	0	0	0	0	0	0	0	0	0	0	0	0	0	0	0	0	0	0	0	0	0	0	0	0	0	0
0	0	0	0	0	0	0	0	0	0	0	0	0	0	0	0	0	0	0	0	0	0	0	0	0	0	0	0	0	0	0	0	0	0	0	0	0	0	0	0	0	0	0	0	-0.12294487259075428018311167261919	0.12720404982095559800229949248511	-0.46651696831825506182039840386955	1	0	0	0	0	0	0	0	0	0	0	0	0	0	0	0	0	0	0	0	0	0	0	0	0	0	0	0	0	0	0	0	0	0	0	0	0	0	0	0	0	0	0	0	0	0	0	0	0	0	0	0	0	0
0	0	0	0	0	0	0	0	0	0	0	0	0	0	0	0	0	0	0	0	0	0	0	0	0	0	0	0	0	0	0	0	0	0	0	0	0	0	0	0	0	0	0	0	0	0.12294487259075428018231579873728	0.12720404982095559800118082119774	1.4665169683182550618212664005321	1	0	0	0	0	0	0	0	0	0	0	0	0	0	0	0	0	0	0	0	0	0	0	0	0	0	0	0	0	0	0	0	0	0	0	0	0	0	0	0	0	0	0	0	0	0	0	0	0	0	0	0	0
0	0	0	0	0	0	0	0	0	0	0	0	0	0	0	0	0	0	0	0	0	0	0	0	0	0	0	0	0	0	0	0	0	0	0	0	0	0	0	0	0	0	0	0	0	0	-0.12294487259075428018245766075848	0.12720404982095559800126558956319	-0.4665169683182550618212297597451	1	0	0	0	0	0	0	0	0	0	0	0	0	0	0	0	0	0	0	0	0	0	0	0	0	0	0	0	0	0	0	0	0	0	0	0	0	0	0	0	0	0	0	0	0	0	0	0	0	0	0	0
0	0	0	0	0	0	0	0	0	0	0	0	0	0	0	0	0	0	0	0	0	0	0	0	0	0	0	0	0	0	0	0	0	0	0	0	0	0	0	0	0	0	0	0	0	0	0	0.12294487259075428018236607034004	0.12720404982095559800113658859401	1.4665169683182550618213297715454	1	0	0	0	0	0	0	0	0	0	0	0	0	0	0	0	0	0	0	0	0	0	0	0	0	0	0	0	0	0	0	0	0	0	0	0	0	0	0	0	0	0	0	0	0	0	0	0	0	0	0
0	0	0	0	0	0	0	0	0	0	0	0	0	0	0	0	0	0	0	0	0	0	0	0	0	0	0	0	0	0	0	0	0	0	0	0	0	0	0	0	0	0	0	0	0	0	0	0	-0.12294487259075428018238241345826	0.12720404982095559800114638192441	-0.46651696831825506182132555006749	1	0	0	0	0	0	0	0	0	0	0	0	0	0	0	0	0	0	0	0	0	0	0	0	0	0	0	0	0	0	0	0	0	0	0	0	0	0	0	0	0	0	0	0	0	0	0	0	0	0
0	0	0	0	0	0	0	0	0	0	0	0	0	0	0	0	0	0	0	0	0	0	0	0	0	0	0	0	0	0	0	0	0	0	0	0	0	0	0	0	0	0	0	0	0	0	0	0	0	0.12294487259075428018237186201831	0.12720404982095559800113149305919	1.4665169683182550618213370844502	1	0	0	0	0	0	0	0	0	0	0	0	0	0	0	0	0	0	0	0	0	0	0	0	0	0	0	0	0	0	0	0	0	0	0	0	0	0	0	0	0	0	0	0	0	0	0	0	0
0	0	0	0	0	0	0	0	0	0	0	0	0	0	0	0	0	0	0	0	0	0	0	0	0	0	0	0	0	0	0	0	0	0	0	0	0	0	0	0	0	0	0	0	0	0	0	0	0	0	-0.12294487259075428018237374662087	0.12720404982095559800113262530082	-0.46651696831825506182133659761811	1	0	0	0	0	0	0	0	0	0	0	0	0	0	0	0	0	0	0	0	0	0	0	0	0	0	0	0	0	0	0	0	0	0	0	0	0	0	0	0	0	0	0	0	0	0	0	0
0	0	0	0	0	0	0	0	0	0	0	0	0	0	0	0	0	0	0	0	0	0	0	0	0	0	0	0	0	0	0	0	0	0	0	0	0	0	0	0	0	0	0	0	0	0	0	0	0	0	0	0.12294487259075428018237252990102	0.12720404982095559800113090549506	1.466516968318255061821337929036	1	0	0	0	0	0	0	0	0	0	0	0	0	0	0	0	0	0	0	0	0	0	0	0	0	0	0	0	0	0	0	0	0	0	0	0	0	0	0	0	0	0	0	0	0	0	0
0	0	0	0	0	0	0	0	0	0	0	0	0	0	0	0	0	0	0	0	0	0	0	0	0	0	0	0	0	0	0	0	0	0	0	0	0	0	0	0	0	0	0	0	0	0	0	0	0	0	0	0	-0.12294487259075428018237274741485	0.12720404982095559800113103648523	-0.46651696831825506182133787284394	1	0	0	0	0	0	0	0	0	0	0	0	0	0	0	0	0	0	0	0	0	0	0	0	0	0	0	0	0	0	0	0	0	0	0	0	0	0	0	0	0	0	0	0	0	0
0	0	0	0	0	0	0	0	0	0	0	0	0	0	0	0	0	0	0	0	0	0	0	0	0	0	0	0	0	0	0	0	0	0	0	0	0	0	0	0	0	0	0	0	0	0	0	0	0	0	0	0	0	0.12294487259075428018237260698721	0.12720404982095559800113083768331	1.4665169683182550618213380266531	1	0	0	0	0	0	0	0	0	0	0	0	0	0	0	0	0	0	0	0	0	0	0	0	0	0	0	0	0	0	0	0	0	0	0	0	0	0	0	0	0	0	0	0	0
0	0	0	0	0	0	0	0	0	0	0	0	0	0	0	0	0	0	0	0	0	0	0	0	0	0	0	0	0	0	0	0	0	0	0	0	0	0	0	0	0	0	0	0	0	0	0	0	0	0	0	0	0	0	-0.12294487259075428018237263211222	0.12720404982095559800113085284718	-0.46651696831825506182133802016193	1	0	0	0	0	0	0	0	0	0	0	0	0	0	0	0	0	0	0	0	0	0	0	0	0	0	0	0	0	0	0	0	0	0	0	0	0	0	0	0	0	0	0	0
0	0	0	0	0	0	0	0	0	0	0	0	0	0	0	0	0	0	0	0	0	0	0	0	0	0	0	0	0	0	0	0	0	0	0	0	0	0	0	0	0	0	0	0	0	0	0	0	0	0	0	0	0	0	0	0.12294487259075428018237261589159	0.12720404982095559800113082985067	1.4665169683182550618213380379436	1	0	0	0	0	0	0	0	0	0	0	0	0	0	0	0	0	0	0	0	0	0	0	0	0	0	0	0	0	0	0	0	0	0	0	0	0	0	0	0	0	0	0
0	0	0	0	0	0	0	0	0	0	0	0	0	0	0	0	0	0	0	0	0	0	0	0	0	0	0	0	0	0	0	0	0	0	0	0	0	0	0	0	0	0	0	0	0	0	0	0	0	0	0	0	0	0	0	0	-0.12294487259075428018237261879596	0.12720404982095559800113083160712	-0.46651696831825506182133803719316	1	0	0	0	0	0	0	0	0	0	0	0	0	0	0	0	0	0	0	0	0	0	0	0	0	0	0	0	0	0	0	0	0	0	0	0	0	0	0	0	0	0
0	0	0	0	0	0	0	0	0	0	0	0	0	0	0	0	0	0	0	0	0	0	0	0	0	0	0	0	0	0	0	0	0	0	0	0	0	0	0	0	0	0	0	0	0	0	0	0	0	0	0	0	0	0	0	0	0	0.12294487259075428018237261692093	0.12720404982095559800113082894527	1.4665169683182550618213380392503	1	0	0	0	0	0	0	0	0	0	0	0	0	0	0	0	0	0	0	0	0	0	0	0	0	0	0	0	0	0	0	0	0	0	0	0	0	0	0	0	0
0	0	0	0	0	0	0	0	0	0	0	0	0	0	0	0	0	0	0	0	0	0	0	0	0	0	0	0	0	0	0	0	0	0	0	0	0	0	0	0	0	0	0	0	0	0	0	0	0	0	0	0	0	0	0	0	0	0	-0.1229448725907542801823726172569	0.12720404982095559800113082914883	-0.46651696831825506182133803916347	1	0	0	0	0	0	0	0	0	0	0	0	0	0	0	0	0	0	0	0	0	0	0	0	0	0	0	0	0	0	0	0	0	0	0	0	0	0	0	0
0	0	0	0	0	0	0	0	0	0	0	0	0	0	0	0	0	0	0	0	0	0	0	0	0	0	0	0	0	0	0	0	0	0	0	0	0	0	0	0	0	0	0	0	0	0	0	0	0	0	0	0	0	0	0	0	0	0	0	0.12294487259075428018237261704	0.12720404982095559800113082884054	1.4665169683182550618213380394016	1	0	0	0	0	0	0	0	0	0	0	0	0	0	0	0	0	0	0	0	0	0	0	0	0	0	0	0	0	0	0	0	0	0	0	0	0	0	0
0	0	0	0	0	0	0	0	0	0	0	0	0	0	0	0	0	0	0	0	0	0	0	0	0	0	0	0	0	0	0	0	0	0	0	0	0	0	0	0	0	0	0	0	0	0	0	0	0	0	0	0	0	0	0	0	0	0	0	0	-0.12294487259075428018237261707889	0.12720404982095559800113082886415	-0.46651696831825506182133803939156	1	0	0	0	0	0	0	0	0	0	0	0	0	0	0	0	0	0	0	0	0	0	0	0	0	0	0	0	0	0	0	0	0	0	0	0	0	0
0	0	0	0	0	0	0	0	0	0	0	0	0	0	0	0	0	0	0	0	0	0	0	0	0	0	0	0	0	0	0	0	0	0	0	0	0	0	0	0	0	0	0	0	0	0	0	0	0	0	0	0	0	0	0	0	0	0	0	0	0	0.12294487259075428018237261705378	0.12720404982095559800113082882842	1.4665169683182550618213380394191	1	0	0	0	0	0	0	0	0	0	0	0	0	0	0	0	0	0	0	0	0	0	0	0	0	0	0	0	0	0	0	0	0	0	0	0	0
0	0	0	0	0	0	0	0	0	0	0	0	0	0	0	0	0	0	0	0	0	0	0	0	0	0	0	0	0	0	0	0	0	0	0	0	0	0	0	0	0	0	0	0	0	0	0	0	0	0	0	0	0	0	0	0	0	0	0	0	0	0	-0.12294487259075428018237261705829	0.12720404982095559800113082883116	-0.46651696831825506182133803941798	1	0	0	0	0	0	0	0	0	0	0	0	0	0	0	0	0	0	0	0	0	0	0	0	0	0	0	0	0	0	0	0	0	0	0	0
0	0	0	0	0	0	0	0	0	0	0	0	0	0	0	0	0	0	0	0	0	0	0	0	0	0	0	0	0	0	0	0	0	0	0	0	0	0	0	0	0	0	0	0	0	0	0	0	0	0	0	0	0	0	0	0	0	0	0	0	0	0	0	0.12294487259075428018237261705538	0.12720404982095559800113082882701	1.4665169683182550618213380394212	1	0	0	0	0	0	0	0	0	0	0	0	0	0	0	0	0	0	0	0	0	0	0	0	0	0	0	0	0	0	0	0	0	0	0
0	0	0	0	0	0	0	0	0	0	0	0	0	0	0	0	0	0	0	0	0	0	0	0	0	0	0	0	0	0	0	0	0	0	0	0	0	0	0	0	0	0	0	0	0	0	0	0	0	0	0	0	0	0	0	0	0	0	0	0	0	0	0	0	-0.1229448725907542801823726170559	0.12720404982095559800113082882733	-0.46651696831825506182133803942104	1	0	0	0	0	0	0	0	0	0	0	0	0	0	0	0	0	0	0	0	0	0	0	0	0	0	0	0	0	0	0	0	0	0
0	0	0	0	0	0	0	0	0	0	0	0	0	0	0	0	0	0	0	0	0	0	0	0	0	0	0	0	0	0	0	0	0	0	0	0	0	0	0	0	0	0	0	0	0	0	0	0	0	0	0	0	0	0	0	0	0	0	0	0	0	0	0	0	0	0.12294487259075428018237261705556	0.12720404982095559800113082882685	1.4665169683182550618213380394214	1	0	0	0	0	0	0	0	0	0	0	0	0	0	0	0	0	0	0	0	0	0	0	0	0	0	0	0	0	0	0	0	0
0	0	0	0	0	0	0	0	0	0	0	0	0	0	0	0	0	0	0	0	0	0	0	0	0	0	0	0	0	0	0	0	0	0	0	0	0	0	0	0	0	0	0	0	0	0	0	0	0	0	0	0	0	0	0	0	0	0	0	0	0	0	0	0	0	0	-0.12294487259075428018237261705562	0.12720404982095559800113082882689	-0.46651696831825506182133803942139	1	0	0	0	0	0	0	0	0	0	0	0	0	0	0	0	0	0	0	0	0	0	0	0	0	0	0	0	0	0	0	0
0	0	0	0	0	0	0	0	0	0	0	0	0	0	0	0	0	0	0	0	0	0	0	0	0	0	0	0	0	0	0	0	0	0	0	0	0	0	0	0	0	0	0	0	0	0	0	0	0	0	0	0	0	0	0	0	0	0	0	0	0	0	0	0	0	0	0	0.12294487259075428018237261705558	0.12720404982095559800113082882683	1.4665169683182550618213380394214	1	0	0	0	0	0	0	0	0	0	0	0	0	0	0	0	0	0	0	0	0	0	0	0	0	0	0	0	0	0	0
0	0	0	0	0	0	0	0	0	0	0	0	0	0	0	0	0	0	0	0	0	0	0	0	0	0	0	0	0	0	0	0	0	0	0	0	0	0	0	0	0	0	0	0	0	0	0	0	0	0	0	0	0	0	0	0	0	0	0	0	0	0	0	0	0	0	0	0	-0.12294487259075428018237261705559	0.12720404982095559800113082882684	-0.46651696831825506182133803942144	1	0	0	0	0	0	0	0	0	0	0	0	0	0	0	0	0	0	0	0	0	0	0	0	0	0	0	0	0	0
0	0	0	0	0	0	0	0	0	0	0	0	0	0	0	0	0	0	0	0	0	0	0	0	0	0	0	0	0	0	0	0	0	0	0	0	0	0	0	0	0	0	0	0	0	0	0	0	0	0	0	0	0	0	0	0	0	0	0	0	0	0	0	0	0	0	0	0	0	0.12294487259075428018237261705559	0.12720404982095559800113082882683	1.4665169683182550618213380394214	1	0	0	0	0	0	0	0	0	0	0	0	0	0	0	0	0	0	0	0	0	0	0	0	0	0	0	0	0
0	0	0	0	0	0	0	0	0	0	0	0	0	0	0	0	0	0	0	0	0	0	0	0	0	0	0	0	0	0	0	0	0	0	0	0	0	0	0	0	0	0	0	0	0	0	0	0	0	0	0	0	0	0	0	0	0	0	0	0	0	0	0	0	0	0	0	0	0	0	-0.12294487259075428018237261705559	0.12720404982095559800113082882683	-0.46651696831825506182133803942144	1	0	0	0	0	0	0	0	0	0	0	0	0	0	0	0	0	0	0	0	0	0	0	0	0	0	0	0
0	0	0	0	0	0	0	0	0	0	0	0	0	0	0	0	0	0	0	0	0	0	0	0	0	0	0	0	0	0	0	0	0	0	0	0	0	0	0	0	0	0	0	0	0	0	0	0	0	0	0	0	0	0	0	0	0	0	0	0	0	0	0	0	0	0	0	0	0	0	0	0.12294487259075428018237261705559	0.12720404982095559800113082882683	1.4665169683182550618213380394214	1	0	0	0	0	0	0	0	0	0	0	0	0	0	0	0	0	0	0	0	0	0	0	0	0	0	0
0	0	0	0	0	0	0	0	0	0	0	0	0	0	0	0	0	0	0	0	0	0	0	0	0	0	0	0	0	0	0	0	0	0	0	0	0	0	0	0	0	0	0	0	0	0	0	0	0	0	0	0	0	0	0	0	0	0	0	0	0	0	0	0	0	0	0	0	0	0	0	0	-0.12294487259075428018237261705559	0.12720404982095559800113082882683	-0.46651696831825506182133803942144	1	0	0	0	0	0	0	0	0	0	0	0	0	0	0	0	0	0	0	0	0	0	0	0	0	0
0	0	0	0	0	0	0	0	0	0	0	0	0	0	0	0	0	0	0	0	0	0	0	0	0	0	0	0	0	0	0	0	0	0	0	0	0	0	0	0	0	0	0	0	0	0	0	0	0	0	0	0	0	0	0	0	0	0	0	0	0	0	0	0	0	0	0	0	0	0	0	0	0	0.12294487259075428018237261705559	0.12720404982095559800113082882683	1.4665169683182550618213380394214	1	0	0	0	0	0	0	0	0	0	0	0	0	0	0	0	0	0	0	0	0	0	0	0	0
0	0	0	0	0	0	0	0	0	0	0	0	0	0	0	0	0	0	0	0	0	0	0	0	0	0	0	0	0	0	0	0	0	0	0	0	0	0	0	0	0	0	0	0	0	0	0	0	0	0	0	0	0	0	0	0	0	0	0	0	0	0	0	0	0	0	0	0	0	0	0	0	0	0	-0.12294487259075428018237261705559	0.12720404982095559800113082882683	-0.46651696831825506182133803942144	1	0	0	0	0	0	0	0	0	0	0	0	0	0	0	0	0	0	0	0	0	0	0	0
0	0	0	0	0	0	0	0	0	0	0	0	0	0	0	0	0	0	0	0	0	0	0	0	0	0	0	0	0	0	0	0	0	0	0	0	0	0	0	0	0	0	0	0	0	0	0	0	0	0	0	0	0	0	0	0	0	0	0	0	0	0	0	0	0	0	0	0	0	0	0	0	0	0	0	0.12294487259075428018237261705559	0.12720404982095559800113082882683	1.4665169683182550618213380394215	1	0	0	0	0	0	0	0	0	0	0	0	0	0	0	0	0	0	0	0	0	0	0
0	0	0	0	0	0	0	0	0	0	0	0	0	0	0	0	0	0	0	0	0	0	0	0	0	0	0	0	0	0	0	0	0	0	0	0	0	0	0	0	0	0	0	0	0	0	0	0	0	0	0	0	0	0	0	0	0	0	0	0	0	0	0	0	0	0	0	0	0	0	0	0	0	0	0	0	-0.12294487259075428018237261705559	0.12720404982095559800113082882691	-0.4665169683182550618213380394214	1	0	0	0	0	0	0	0	0	0	0	0	0	0	0	0	0	0	0	0	0	0
0	0	0	0	0	0	0	0	0	0	0	0	0	0	0	0	0	0	0	0	0	0	0	0	0	0	0	0	0	0	0	0	0	0	0	0	0	0	0	0	0	0	0	0	0	0	0	0	0	0	0	0	0	0	0	0	0	0	0	0	0	0	0	0	0	0	0	0	0	0	0	0	0	0	0	0	0	0.12294487259075428018237261705584	0.12720404982095559800113082882696	1.4665169683182550618213380394245	1	0	0	0	0	0	0	0	0	0	0	0	0	0	0	0	0	0	0	0	0
0	0	0	0	0	0	0	0	0	0	0	0	0	0	0	0	0	0	0	0	0	0	0	0	0	0	0	0	0	0	0	0	0	0	0	0	0	0	0	0	0	0	0	0	0	0	0	0	0	0	0	0	0	0	0	0	0	0	0	0	0	0	0	0	0	0	0	0	0	0	0	0	0	0	0	0	0	0	-0.12294487259075428018237261705578	0.12720404982095559800113082883131	-0.46651696831825506182133803941918	1	0	0	0	0	0	0	0	0	0	0	0	0	0	0	0	0	0	0	0
0	0	0	0	0	0	0	0	0	0	0	0	0	0	0	0	0	0	0	0	0	0	0	0	0	0	0	0	0	0	0	0	0	0	0	0	0	0	0	0	0	0	0	0	0	0	0	0	0	0	0	0	0	0	0	0	0	0	0	0	0	0	0	0	0	0	0	0	0	0	0	0	0	0	0	0	0	0	0	0.12294487259075428018237261707054	0.12720404982095559800113082883454	1.4665169683182550618213380395981	1	0	0	0	0	0	0	0	0	0	0	0	0	0	0	0	0	0	0
0	0	0	0	0	0	0	0	0	0	0	0	0	0	0	0	0	0	0	0	0	0	0	0	0	0	0	0	0	0	0	0	0	0	0	0	0	0	0	0	0	0	0	0	0	0	0	0	0	0	0	0	0	0	0	0	0	0	0	0	0	0	0	0	0	0	0	0	0	0	0	0	0	0	0	0	0	0	0	0	-0.12294487259075428018237261706672	0.12720404982095559800113082908681	-0.46651696831825506182133803928992	1	0	0	0	0	0	0	0	0	0	0	0	0	0	0	0	0	0
0	0	0	0	0	0	0	0	0	0	0	0	0	0	0	0	0	0	0	0	0	0	0	0	0	0	0	0	0	0	0	0	0	0	0	0	0	0	0	0	0	0	0	0	0	0	0	0	0	0	0	0	0	0	0	0	0	0	0	0	0	0	0	0	0	0	0	0	0	0	0	0	0	0	0	0	0	0	0	0	0	0.12294487259075428018237261792397	0.12720404982095559800113082927461	1.466516968318255061821338049684	1	0	0	0	0	0	0	0	0	0	0	0	0	0	0	0	0
0	0	0	0	0	0	0	0	0	0	0	0	0	0	0	0	0	0	0	0	0	0	0	0	0	0	0	0	0	0	0	0	0	0	0	0	0	0	0	0	0	0	0	0	0	0	0	0	0	0	0	0	0	0	0	0	0	0	0	0	0	0	0	0	0	0	0	0	0	0	0	0	0	0	0	0	0	0	0	0	0	0	-0.12294487259075428018237261770208	0.12720404982095559800113084392902	-0.46651696831825506182133803178121	1	0	0	0	0	0	0	0	0	0	0	0	0	0	0	0
0	0	0	0	0	0	0	0	0	0	0	0	0	0	0	0	0	0	0	0	0	0	0	0	0	0	0	0	0	0	0	0	0	0	0	0	0	0	0	0	0	0	0	0	0	0	0	0	0	0	0	0	0	0	0	0	0	0	0	0	0	0	0	0	0	0	0	0	0	0	0	0	0	0	0	0	0	0	0	0	0	0	0	0.12294487259075428018237266750087	0.12720404982095559800113085483888	1.4665169683182550618213386355831	1	0	0	0	0	0	0	0	0	0	0	0	0	0	0
0	0	0	0	0	0	0	0	0	0	0	0	0	0	0	0	0	0	0	0	0	0	0	0	0	0	0	0	0	0	0	0	0	0	0	0	0	0	0	0	0	0	0	0	0	0	0	0	0	0	0	0	0	0	0	0	0	0	0	0	0	0	0	0	0	0	0	0	0	0	0	0	0	0	0	0	0	0	0	0	0	0	0	0	-0.12294487259075428018237265461091	0.12720404982095559800113170612747	-0.46651696831825506182133759559308	1	0	0	0	0	0	0	0	0	0	0	0	0	0
0	0	0	0	0	0	0	0	0	0	0	0	0	0	0	0	0	0	0	0	0	0	0	0	0	0	0	0	0	0	0	0	0	0	0	0	0	0	0	0	0	0	0	0	0	0	0	0	0	0	0	0	0	0	0	0	0	0	0	0	0	0	0	0	0	0	0	0	0	0	0	0	0	0	0	0	0	0	0	0	0	0	0	0	0	0.12294487259075428018237554747033	0.12720404982095559800113233989182	1.4665169683182550618213726710275	1	0	0	0	0	0	0	0	0	0	0	0	0
0	0	0	0	0	0	0	0	0	0	0	0	0	0	0	0	0	0	0	0	0	0	0	0	0	0	0	0	0	0	0	0	0	0	0	0	0	0	0	0	0	0	0	0	0	0	0	0	0	0	0	0	0	0	0	0	0	0	0	0	0	0	0	0	0	0	0	0	0	0	0	0	0	0	0	0	0	0	0	0	0	0	0	0	0	0	-0.12294487259075428018237479868049	0.12720404982095559800118179206578	-0.46651696831825506182131225700467	1	0	0	0	0	0	0	0	0	0	0	0
0	0	0	0	0	0	0	0	0	0	0	0	0	0	0	0	0	0	0	0	0	0	0	0	0	0	0	0	0	0	0	0	0	0	0	0	0	0	0	0	0	0	0	0	0	0	0	0	0	0	0	0	0	0	0	0	0	0	0	0	0	0	0	0	0	0	0	0	0	0	0	0	0	0	0	0	0	0	0	0	0	0	0	0	0	0	0	0.12294487259075428018254284766983	0.12720404982095559800121860804705	1.4665169683182550618233498227654	1	0	0	0	0	0	0	0	0	0	0
0	0	0	0	0	0	0	0	0	0	0	0	0	0	0	0	0	0	0	0	0	0	0	0	0	0	0	0	0	0	0	0	0	0	0	0	0	0	0	0	0	0	0	0	0	0	0	0	0	0	0	0	0	0	0	0	0	0	0	0	0	0	0	0	0	0	0	0	0	0	0	0	0	0	0	0	0	0	0	0	0	0	0	0	0	0	0	0	-0.12294487259075428018249934974703	0.12720404982095559800409133245285	-0.46651696831825506181984031400403	1	0	0	0	0	0	0	0	0	0
0	0	0	0	0	0	0	0	0	0	0	0	0	0	0	0	0	0	0	0	0	0	0	0	0	0	0	0	0	0	0	0	0	0	0	0	0	0	0	0	0	0	0	0	0	0	0	0	0	0	0	0	0	0	0	0	0	0	0	0	0	0	0	0	0	0	0	0	0	0	0	0	0	0	0	0	0	0	0	0	0	0	0	0	0	0	0	0	0	0.12294487259075428019226147736132	0.1272040498209555980062300082564	1.4665169683182550619382044711272	1	0	0	0	0	0	0	0	0
0	0	0	0	0	0	0	0	0	0	0	0	0	0	0	0	0	0	0	0	0	0	0	0	0	0	0	0	0	0	0	0	0	0	0	0	0	0	0	0	0	0	0	0	0	0	0	0	0	0	0	0	0	0	0	0	0	0	0	0	0	0	0	0	0	0	0	0	0	0	0	0	0	0	0	0	0	0	0	0	0	0	0	0	0	0	0	0	0	0	-0.12294487259075428018973464113901	0.12720404982095559817310933528882	-0.46651696831825506173433372768471	1	0	0	0	0	0	0	0
0	0	0	0	0	0	0	0	0	0	0	0	0	0	0	0	0	0	0	0	0	0	0	0	0	0	0	0	0	0	0	0	0	0	0	0	0	0	0	0	0	0	0	0	0	0	0	0	0	0	0	0	0	0	0	0	0	0	0	0	0	0	0	0	0	0	0	0	0	0	0	0	0	0	0	0	0	0	0	0	0	0	0	0	0	0	0	0	0	0	0	0.12294487259075428075682603472606	0.12720404982095559829734707216182	1.4665169683182550686102215941206	1	0	0	0	0	0	0
0	0	0	0	0	0	0	0	0	0	0	0	0	0	0	0	0	0	0	0	0	0	0	0	0	0	0	0	0	0	0	0	0	0	0	0	0	0	0	0	0	0	0	0	0	0	0	0	0	0	0	0	0	0	0	0	0	0	0	0	0	0	0	0	0	0	0	0	0	0	0	0	0	0	0	0	0	0	0	0	0	0	0	0	0	0	0	0	0	0	0	0	-0.12294487259075428061003968534664	0.12720404982095560799152787646951	-0.46651696831825505676717378954831	1	0	0	0	0	0
0	0	0	0	0	0	0	0	0	0	0	0	0	0	0	0	0	0	0	0	0	0	0	0	0	0	0	0	0	0	0	0	0	0	0	0	0	0	0	0	0	0	0	0	0	0	0	0	0	0	0	0	0	0	0	0	0	0	0	0	0	0	0	0	0	0	0	0	0	0	0	0	0	0	0	0	0	0	0	0	0	0	0	0	0	0	0	0	0	0	0	0	0	0.12294487259075431355292482133172	0.1272040498209556152086176465575	1.4665169683182554561941211095343	1	0	0	0	0
0	0	0	0	0	0	0	0	0	0	0	0	0	0	0	0	0	0	0	0	0	0	0	0	0	0	0	0	0	0	0	0	0	0	0	0	0	0	0	0	0	0	0	0	0	0	0	0	0	0	0	0	0	0	0	0	0	0	0	0	0	0	0	0	0	0	0	0	0	0	0	0	0	0	0	0	0	0	0	0	0	0	0	0	0	0	0	0	0	0	0	0	0	0	-0.12294487259075430502596443748565	0.12720404982095617835291561192127	-0.4665169683182547682200698402871	1	0	0	0
0	0	0	0	0	0	0	0	0	0	0	0	0	0	0	0	0	0	0	0	0	0	0	0	0	0	0	0	0	0	0	0	0	0	0	0	0	0	0	0	0	0	0	0	0	0	0	0	0	0	0	0	0	0	0	0	0	0	0	0	0	0	0	0	0	0	0	0	0	0	0	0	0	0	0	0	0	0	0	0	0	0	0	0	0	0	0	0	0	0	0	0	0	0	0	0.1229448725907562187098844459079	0.1272040498209565976006100765448	1.4665169683182779713160691439684	1	0	0
0	0	0	0	0	0	0	0	0	0	0	0	0	0	0	0	0	0	0	0	0	0	0	0	0	0	0	0	0	0	0	0	0	0	0	0	0	0	0	0	0	0	0	0	0	0	0	0	0	0	0	0	0	0	0	0	0	0	0	0	0	0	0	0	0	0	0	0	0	0	0	0	0	0	0	0	0	0	0	0	0	0	0	0	0	0	0	0	0	0	0	0	0	0	0	0	-0.1229448725907557233705446838599	0.12720404982098931119516052809653	-0.46651696831823800624094405041389	1	0
0	0	0	0	0	0	0	0	0	0	0	0	0	0	0	0	0	0	0	0	0	0	0	0	0	0	0	0	0	0	0	0	0	0	0	0	0	0	0	0	0	0	0	0	0	0	0	0	0	0	0	0	0	0	0	0	0	0	0	0	0	0	0	0	0	0	0	0	0	0	0	0	0	0	0	0	0	0	0	0	0	0	0	0	0	0	0	0	0	0	0	0	0	0	0	0	0	0.12294487259086689111224616162303	0.12720404982101366569744791533215	1.4665169683195858964310395337473	1
0	0	0	0	0	0	0	0	0	0	0	0	0	0	0	0	0	0	0	0	0	0	0	0	0	0	0	0	0	0	0	0	0	0	0	0	0	0	0	0	0	0	0	0	0	0	0	0	0	0	0	0	0	0	0	0	0	0	0	0	0	0	0	0	0	0	0	0	0	0	0	0	0	0	0	0	0	0	0	0	0	0	0	0	0	0	0	0	0	0	0	0	0	0	0	0	0	0	-0.12294487259083811637301066948796	0.12720404982291402990654288244344	-0.46651696831726428673252680775211

Matrix A
0
