2
100
0.4993523205287185869160791787814361558882848842607757657528711274e-1	0.9997460482032937340726507172716699547703175573635978827362091348
0.494171843550342800200470170433426319570344994471138207834990704e-1	0.9989844384951370328262797418698643156275441910184880914182212772
0.4838160020989223184430308326150297222097673336171903749786678506e-1	0.9977159076837347546574950000518467512487224667965120455696988674
0.4682950161396938034526373333594161082416648339843461255160708205e-1	0.9959416829907201676268515994261884040693471879998627313794746176
0.4476242030119276699440543806569330569781425846128227006287891835e-1	0.9936634808638972781246722513973610754078653032185589066584820488
0.4218239623125635104197424686589781956636843179728275355689149429e-1	0.9908835053166884355188667015011319936752923581261165805361839621
0.3909197557642707889775108568528527135972662658872905180363918382e-1	0.9876044457958936899821771385555701864613594423940046985670769127
0.3549420820878025975807403698412386976614281017588303526398388149e-1	0.9838294745798247086115729855312361914541617661663170066035024595
0.3139264469034404279362416912859499123812919441279014714615479164e-1	0.97956224370933038723709250329122258906446724093865056545140223
0.2679133276912335991472953971180402973883567428969934489157696897e-1	0.9748068814546831924341375229167589479603320654281388792469950253
0.2169481338446133544252191137545526588999472217945736468719018472e-1	0.9695679883217442930207962599699453565457436625815158382230798337
0.1610811618568038869603912640045538240670141028842830651543032131e-1	0.9638506326012712583377347369652816000793434454308188584779093403
0.100367545684255896860032464155732357092068711890083958733068921e-1	0.9576603454656740806691656435379749051745568466630342091782645106
0.3486720233608797753675635575762637608705057665205301447101656264e-2	0.9510031156179630936822103401836190070803401246650885606479108859
-0.3535522725676751616682589901031977835588489983151059085452187807e-2	0.9438853834980655841813440177797583985234930607300387703181227625
-0.1102304420343591040438209649333018358130673381041683678481901034e-1	0.9363140350521161116769419368874147581718459305346062874388218014
-0.1896845491994955342707242065033364094822602028272139491486136821e-1	0.9282963950707483449797389053887366236890118687204873503128350872
-0.2736391371410154256544834825658585374392622709786594223631701236e-1	0.919840220102833188229695845562529456127889699325989395348951544
-0.3620113528165807353750969762335345013608388177913787060074937125e-1	0.9109536909515186970633728038365063090285989138541467151895164561
-0.4547139835186265776089583251616814870220640477448387174366731442e-1	0.9016454047598313816653375362995879689987925846019381232557152993
-0.5516555429427742722847223189540689419049137687247022516136022231e-1	0.8919243666934955662995709063913404717078999879938806463883782306
-0.6527403614737684914580044007597635799471165047031007098558391438e-1	0.8817999812290171404339265084428069885571131308968000104582598839
-0.7578686805998371836947324452371393267054225757308886822971248428e-1	0.871282043055459917778240539826835767128240264197956414341033249
-0.8669367513622987020015970874191159154985043284361243244047931527e-1	0.8603807275987165470092640985743460466773549428557896898784056013
-0.9798369367432582590334448016677043860689692182285427164892474449e-1	0.849106581177441130096030219872964318401874741442793104782062195
-0.1096457817890349414592721943190328439831263569475401474903326208	0.837470510800167047648413060214496266115149598240091439984818423
-0.1216684304073689600241266493220333338063764884751665489857244694	0.825483773613480620850155674906674840583965007870874520160089118
-0.1340397746266535441185775716968168036101193720624213499058319025	0.8131579660114588204795458406243561093344625658757426684508742194
-0.1467476054237547481392947236084909587648904619423253023008646499	0.8005050124169069386784473779813088873733088988524204814758239962
-0.1597793817039108383371044466523395383351911217992464381306698715	0.7875371537452496514699720234841776739350787167103802150762807488
-0.1731222426772787179285646421699220310905015486507930168290171314	0.7742669355622359123740217537227375078335967966497303047468464396
-0.186763020550980800257931265673366308937668801965851630021037668	0.7607071959469143328136240513252709621493421317152458713471133894
-0.2006882535241268120750943827783880340269419279704151977591166721	0.7468710530716208367742086641735086554288259920250511479514367731
-0.2148841990729860093176439718526870525033262966858070236806034479	0.7327718925109941495261621637906890911428553565744725555490786968
-0.2293368475131989443583679072809886921391355531139593865924578668	0.7184233542922968282910804908368794414359758383403175706639882884
-0.2440319358256445190895785645540419909346738115806458438429001022	0.7038393196995698129127924438126825991407978134172055962563943029
-0.2589549617323178622800319553597123022617164897781095961271670017	0.6890338978443866247652123832059253739493004675314305401570823818
-0.2740911980083278391408188607947800053848425504802676570494692643	0.6740214120161991418954885440807522995547548991367644809017000237
-0.2894257070158899794666858419829872844579803254576301619030817099	0.6588163858254801093160533223717250319097721390054045077558666419
-0.3049433554459715280429417473126843681848008133548910000775736504	0.6434335291530679991359146263174283574303373146611070287866220128
-0.3206288292530403934335737424739034818240920949017344234027409991	0.6278877239193073219318351067357343022044402415149385049233903907
-0.3364666487681792010322108202565543471572163444225253504667506461	0.6121940096867518270226452127081582287774656146651205861340684874
-0.3524411839756496314339453227438919447779693057359999409144270174	0.5963675691103590464657518270648761400442723951055260785595677043
-0.3685366699378309194880034148653437325878930849302525937797807639	0.580423713249252179870237595198593929780087703666534053722607904
-0.384737222353309962008092957668621128478710740697501284653722571	0.5643778667542592417781744529478745125736515367324195950152709708
-0.401026853232769077555100631301843140773314363797608323540218436	0.5482455529455595708414418029749078070388950599920788411039704309
-0.417389486677201209646097635075738106581438398896477025661658549	0.5320423787948741140514991156708552959934294870429915983186976301
-0.4338089747428813799110934869838485951674800212624745415373922197	0.5157840198267282470122564437913991618579446941658192150620411589
-0.4502691133774375797744880081601334501860160822844292629105514522	0.4994862049533941833409472423524200592700209836661784307628485498
-0.4667536584112941226762869403156354626208971634422891515060395244	0.4831647012581841869961907104070091867798655644537405361411489074
-0.4832463415887058329147920746781029204338361129248983484939604756	0.4668352987418157685948883045867291962748677119134469638588510926
-0.4997308866225623758165910068336049328687171940827582370894485478	0.4505137950466057722501317726413183237847122927010090692371514502
-0.5161910252571185756799855280098897878872532551047129584626077803	0.4342159801732717085788225712023392211967885822013682849379588411
-0.532610513322798745944981379918000276473294877470710474338341451	0.4179576212051258415395798993228830870613037893241959016813023699
-0.548973146767230878035978383691895242281418912569579176459781564	0.4017544470544403847496372120188305760158382163751086588960295691
-0.565262777646689993582986057325117254576022535669686215346277429	0.3856221332457407138129045620458638704810817396347679049847290292
-0.5814633300621690361030756001283946504668401914369349062202192361	0.369576286750747775720841419795144453274645572700653446277392096
-0.5975588160243503241571336922498464382767639706311875590855729826	0.3536324308896409091253271879288622430104608812616614214404322957
-0.6135333512318207545588681947371840358975169319446621495332493539	0.3378059903132481285684338022855801542772676617020669138659315126
-0.6293711707469595621575052725198349012306411814654530765972590009	0.3221122760806926336592439082580040808502930348522489950766096093
-0.6450566445540284275481372676810540148699324630122964999224263496	0.3065664708469319564551643886763100256243959617060804712133779872
-0.6605742929841099761243931730107510985967529509095573380969182901	0.2911836141745198462750256926220133511449611373617829922441333581
-0.6759088019916721164502601541989583776698907258869198429505307357	0.2759785879838008136955904709129860834999783772304230190982999763
-0.6910450382676820933110470596340260807930167865890779038728329983	0.2609661021556133308258666317878130091054328088357569598429176182
-0.7059680641743554365015004504396963921200594647865416561570998978	0.2461606803004301426782865711810557839139354629499819037436056971
-0.7206631524868010112327111077127496909155977232532281134075421332	0.2315766457077031272999985241568589416187574380268699293360117116
-0.7351158009270139462734350431410513305514069796813804763193965521	0.2172281074890058060649168512030492919118779197927149444509213032
-0.7493117464758731435159846322153503490277913483967723022408833279	0.2031289469283791188168703508202297276259072843421363520485632269
-0.763236979449019155333147749320372074117064474401335869978962332	0.1892928040530856227774549636684674209053911446519416286528866106
-0.7768777573227212376625143728238163519642317277163944831709828686	0.1757330644377640432170572612710008752211364797174571952531535604
-0.7902206182960891172539745683413988447195421545679410618693301285	0.1624628462547503041211069915095607091196545596568072849237192512
-0.8032523945762452074517842913852474242898428144248621976991353501	0.1494949875830930169126316370124294956814243775147670185241760038
-0.8159602253733464114725014432969215794446139043047661500941680975	0.1368420339885411351115331743693822737202707104914448315491257806
-0.8283315695926309955669523656717050492483567878920209510142755306	0.124516226386519334740923340087063542470768268496312979839910882
-0.8403542182109650141318068206747055390716069194196473525096673792	0.112529489199832907942665954779242116939583678127096060015181577
-0.8520163063256741296877345348269679444478363545443332283510752555	0.100893418822558825495048795120774064652858534924394395217937805
-0.8633063248637700853909193062518267915048828435235750675595206847	0.8961927240128340858181491641939233637737833351139781012159439865e-1
-0.8742131319400162372216057704700244503841910187940986317702875157	0.7871795694454003781283847516690261592649301216923108565896675098e-1
-0.8847259638526231064452785749177620250600216258968774290144160856	0.6820001877098281515715250655093139449762014547038748954174011607e-1
-0.8948344457057225283626067830983314888642418994947172748386397777	0.5807563330650438929150810860239791134683328837330685361162176944e-1
-0.9045286016481372978301831824775702343525268715927036282563326856	0.4835459524016857392574147869415041405594069176524937674428470067e-1
-0.9137988647183418820535693173703849329186493945880496293992506287	0.3904630904848125852770621115723207402613436251304078481048354386e-1
-0.9226360862858984130256306667371525293108070492693215577636829876	0.3015977989716676736138316943120892692684357704119810465104845596e-1
-0.9310315450800504021640065943434047421065072560844661050851386318	0.2170360492925161061134010960500175936572140764670014968716491279e-1
-0.9389769557965640451866969185004081994734265425567706632151809897	0.1368596494788384391413707810632362488288734583258121256117819859e-1
-0.9464644772743232039743964250927064052191447863840364409145478122	0.6114616501934371409734997213979984531240215637148729681877237524e-2
-0.9534867202336087533447546505695010206634383340323928014471016563	-0.1003115617963138091131325189880624025606848297901060647910885886e-2
-0.9600367545684255452770822614093116187639401475561958958733068921	-0.7660345465674125078086628544236522119823570295846709178264510633e-2
-0.9661081161856803442871181413941937654614346866556158065154303213	-0.1385063260127130274665572197154321702461016906363135847790934028e-1
-0.9716948133844612910336009263691936489447279985466448646871901847	-0.195679883217443374297172449762069734910103862143283382230798337e-1
-0.976791332769123315505808554705542412793568950656886844891576969	-0.2480688145468323684305850792302056490559878906095137924699502531e-1
-0.9813926446903439983847031841223333742928624707799776471461547916	-0.2956224370933043164601348829748420600973396457146306545140223001e-1
-0.9854942082087802153491530519778622528208760865430705352639838815	-0.3382947457982475302049397053749780839942848979912950660350245952e-1
-0.9890919755764270344888301006790236544144599029559165518036391838	-0.3760444579589373439109812356183180340662616602681719856707691266e-1
-0.9921823962312563066330532618596362026211017081644702535568914943	-0.408835053166884799277876865073936106205590817589290805361839621e-1
-0.9947624203011927225854844530594316887525475348284697700628789183	-0.4366348086389732253359323640362269235313202685137140665848204878e-1
-0.9968295016139693359363427483296799938788997597656221125516070821	-0.4594168299072021203577258443245002101461391163267523137947461758e-1
-0.9983816002098921874353820982552413552757100097289065374978667851	-0.4771590768373479906641598505810836819398919042932454556969886742e-1
-0.9994171843550342356111260320370810150117677758143013207834990704	-0.4898443849513707723520072687612593257281091465130059141822127715e-1
-0.9999352320528718142826869328718819986435617647932650765752871127	-0.4974604820329377848157170227793157171558428099641038273620913481e-1
0.10000000000000000000000000000000000000000000000000000000000000000e-1	0.1915250362777872948171402369536218712696297657940538535314853786e-4
0.10000000000000000000000000000000000000000000000000000000000000000e-1	0.7653591719528207829335383049841151496253575435652020488820573016e-4
0.10000000000000000000000000000000000000000000000000000000000000000e-1	0.1719282354231318075541415122677708104791297527676722733532263819e-3
0.10000000000000000000000000000000000000000000000000000000000000000e-1	0.3049604039637018520416295911021725707329569962505525496628220155e-3
0.10000000000000000000000000000000000000000000000000000000000000000e-1	0.4751177472006941348484567493775739802439320563838833121814616639e-3
0.10000000000000000000000000000000000000000000000000000000000000000e-1	0.6817419594291134395729620029787989743275828936095646012027093498e-3
0.10000000000000000000000000000000000000000000000000000000000000000e-1	0.9240336517121528381990593075833197970675669861729524254269626739e-3
0.10000000000000000000000000000000000000000000000000000000000000000e-1	0.1201055444561695155672050129880525483066146174952168095052132612e-2
0.10000000000000000000000000000000000000000000000000000000000000000e-1	0.1511735594477450417350486617374013560846910082561214231785133646e-2
0.10000000000000000000000000000000000000000000000000000000000000000e-1	0.1854872140314353874112824379381005164391981566464917282695043387e-2
0.10000000000000000000000000000000000000000000000000000000000000000e-1	0.222913755343673464529744499868827623131025844629116370176434738e-2
0.10000000000000000000000000000000000000000000000000000000000000000e-1	0.2633083873668711873373861573728018578331123464551635397375529777e-2
0.10000000000000000000000000000000000000000000000000000000000000000e-1	0.306514831117082405426743078361005046611343018228908009431064547e-2
0.10000000000000000000000000000000000000000000000000000000000000000e-1	0.3523659292570319125282750603164668348611541325019888948331201387e-2
0.10000000000000000000000000000000000000000000000000000000000000000e-1	0.4006842927953801783009517051972287495922682869768708780498449024e-2
0.10000000000000000000000000000000000000000000000000000000000000000e-1	0.4512829873702699803218778539043100779956463148079821104131241908e-2
0.10000000000000000000000000000000000000000000000000000000000000000e-1	0.5039662564620572167310438787952782493021628414011173106251031004e-2
0.10000000000000000000000000000000000000000000000000000000000000000e-1	0.5585302787372563405211228911235565300540429680283912288510080507e-2
0.10000000000000000000000000000000000000000000000000000000000000000e-1	0.6147639565936838176662035825665104548974697681802952135151783648e-2
0.10000000000000000000000000000000000000000000000000000000000000000e-1	0.6724497328560716374981386365330979649645138916704098231684978033e-2
0.10000000000000000000000000000000000000000000000000000000000000000e-1	0.7313644324625142038197201595353364911772958583413700920187763522e-2
0.10000000000000000000000000000000000000000000000000000000000000000e-1	0.7912801258854272557927668611754340531293256974609490504389164878e-2
0.10000000000000000000000000000000000000000000000000000000000000000e-1	0.8519650109466108628985582955218929542127375811885158701003558691e-2
0.10000000000000000000000000000000000000000000000000000000000000000e-1	0.9131843096148453229763526294009526991694642242782572618687214485e-2
0.10000000000000000000000000000000000000000000000000000000000000000e-1	0.9747011763164842831582619339219806377904154071751547369866045357e-2
0.10000000000000000000000000000000000000000000000000000000000000000e-1	0.1036277614244967853860976952651042863450825827719976245867377605e-1
0.10000000000000000000000000000000000000000000000000000000000000000e-1	0.109767539612423221846939600976057708500835373741387285926234814e-1
0.10000000000000000000000000000000000000000000000000000000000000000e-1	0.1158656985863760981051331708269213602923354251972954326569915761e-1
0.10000000000000000000000000000000000000000000000000000000000000000e-1	0.1218986457539573905774760600403556168239077306714148247466429019e-1
0.10000000000000000000000000000000000000000000000000000000000000000e-1	0.1278430408145794130447958560590623411830059365404885487731360127e-1
0.10000000000000000000000000000000000000000000000000000000000000000e-1	0.1336758860585535358314276108296494159492875177081548093574988729e-1
0.10000000000000000000000000000000000000000000000000000000000000000e-1	0.1393746153407612707057573133984851286146635418508405795785195167e-1
0.10000000000000000000000000000000000000000000000000000000000000000e-1	0.1449171813846858727393007836977554285697462876687142675668597793e-1
0.10000000000000000000000000000000000000000000000000000000000000000e-1	0.1502821410790421211655063874708546863485417937429234452151809225e-1
0.10000000000000000000000000000000000000000000000000000000000000000e-1	0.1554487384370081889526116905734251553720704601967582609434099717e-1
0.10000000000000000000000000000000000000000000000000000000000000000e-1	0.1603969848971064492439284052648587145089324489140708935285455687e-1
0.10000000000000000000000000000000000000000000000000000000000000000e-1	0.1651077366550647106518022975420241460994268526964490312916064459e-1
0.10000000000000000000000000000000000000000000000000000000000000000e-1	0.1695627687274759333291745842284790510805581865467921256599817987e-1
0.10000000000000000000000000000000000000000000000000000000000000000e-1	0.1737448454607185145162215749300098039672728924637244717330663846e-1
0.10000000000000000000000000000000000000000000000000000000000000000e-1	0.1776377872123518285470145190496798371428929982772550394799590913e-1
0.10000000000000000000000000000000000000000000000000000000000000000e-1	0.1812265329470096559791638169899707231485317507603263462138437152e-1
0.10000000000000000000000000000000000000000000000000000000000000000e-1	0.1844971985046201504973854338791523429971991313355925215393207401e-1
0.10000000000000000000000000000000000000000000000000000000000000000e-1	0.1874371303155239201423229454223443843702349954540003424893476724e-1
0.10000000000000000000000000000000000000000000000000000000000000000e-1	0.1900349543546768660933310520127011800198535701924660110084518692e-1
0.10000000000000000000000000000000000000000000000000000000000000000e-1	0.1922806201455434784173303473209650532640356807611029916705535571e-1
0.10000000000000000000000000000000000000000000000000000000000000000e-1	0.1941654396434380741351232945248548850650490210878089282601180805e-1
0.10000000000000000000000000000000000000000000000000000000000000000e-1	0.1956821208478818841124822851213700586580918040709767275723837404e-1
0.10000000000000000000000000000000000000000000000000000000000000000e-1	0.1968247960139363089849448986960140150849259630557423626109014627e-1
0.10000000000000000000000000000000000000000000000000000000000000000e-1	0.1975890443533681762855443434588217233289203835486425057822092083e-1
0.10000000000000000000000000000000000000000000000000000000000000000e-1	0.197971909137820600487202528620225390359942800211637079171059726e-1
0.10000000000000000000000000000000000000000000000000000000000000000e-1	0.197971909137820600487202528620225390359942800211637079171059726e-1
0.10000000000000000000000000000000000000000000000000000000000000000e-1	0.1975890443533681762855443434588217233289203835486425057822092083e-1
0.10000000000000000000000000000000000000000000000000000000000000000e-1	0.1968247960139363089849448986960140150849259630557423626109014627e-1
0.10000000000000000000000000000000000000000000000000000000000000000e-1	0.1956821208478818841124822851213700586580918040709767275723837404e-1
0.10000000000000000000000000000000000000000000000000000000000000000e-1	0.1941654396434380741351232945248548850650490210878089282601180805e-1
0.10000000000000000000000000000000000000000000000000000000000000000e-1	0.1922806201455434784173303473209650532640356807611029916705535571e-1
0.10000000000000000000000000000000000000000000000000000000000000000e-1	0.1900349543546768660933310520127011800198535701924660110084518692e-1
0.10000000000000000000000000000000000000000000000000000000000000000e-1	0.1874371303155239201423229454223443843702349954540003424893476724e-1
0.10000000000000000000000000000000000000000000000000000000000000000e-1	0.1844971985046201504973854338791523429971991313355925215393207401e-1
0.10000000000000000000000000000000000000000000000000000000000000000e-1	0.1812265329470096559791638169899707231485317507603263462138437152e-1
0.10000000000000000000000000000000000000000000000000000000000000000e-1	0.1776377872123518285470145190496798371428929982772550394799590913e-1
0.10000000000000000000000000000000000000000000000000000000000000000e-1	0.1737448454607185145162215749300098039672728924637244717330663846e-1
0.10000000000000000000000000000000000000000000000000000000000000000e-1	0.1695627687274759333291745842284790510805581865467921256599817987e-1
0.10000000000000000000000000000000000000000000000000000000000000000e-1	0.1651077366550647106518022975420241460994268526964490312916064459e-1
0.10000000000000000000000000000000000000000000000000000000000000000e-1	0.1603969848971064492439284052648587145089324489140708935285455687e-1
0.10000000000000000000000000000000000000000000000000000000000000000e-1	0.1554487384370081889526116905734251553720704601967582609434099717e-1
0.10000000000000000000000000000000000000000000000000000000000000000e-1	0.1502821410790421211655063874708546863485417937429234452151809225e-1
0.10000000000000000000000000000000000000000000000000000000000000000e-1	0.1449171813846858727393007836977554285697462876687142675668597793e-1
0.10000000000000000000000000000000000000000000000000000000000000000e-1	0.1393746153407612707057573133984851286146635418508405795785195167e-1
0.10000000000000000000000000000000000000000000000000000000000000000e-1	0.1336758860585535358314276108296494159492875177081548093574988729e-1
0.10000000000000000000000000000000000000000000000000000000000000000e-1	0.1278430408145794130447958560590623411830059365404885487731360127e-1
0.10000000000000000000000000000000000000000000000000000000000000000e-1	0.1218986457539573905774760600403556168239077306714148247466429019e-1
0.10000000000000000000000000000000000000000000000000000000000000000e-1	0.1158656985863760981051331708269213602923354251972954326569915761e-1
0.10000000000000000000000000000000000000000000000000000000000000000e-1	0.109767539612423221846939600976057708500835373741387285926234814e-1
0.10000000000000000000000000000000000000000000000000000000000000000e-1	0.1036277614244967853860976952651042863450825827719976245867377605e-1
0.10000000000000000000000000000000000000000000000000000000000000000e-1	0.9747011763164842831582619339219806377904154071751547369866045357e-2
0.10000000000000000000000000000000000000000000000000000000000000000e-1	0.9131843096148453229763526294009526991694642242782572618687214485e-2
0.10000000000000000000000000000000000000000000000000000000000000000e-1	0.8519650109466108628985582955218929542127375811885158701003558691e-2
0.10000000000000000000000000000000000000000000000000000000000000000e-1	0.7912801258854272557927668611754340531293256974609490504389164878e-2
0.10000000000000000000000000000000000000000000000000000000000000000e-1	0.7313644324625142038197201595353364911772958583413700920187763522e-2
0.10000000000000000000000000000000000000000000000000000000000000000e-1	0.6724497328560716374981386365330979649645138916704098231684978033e-2
0.10000000000000000000000000000000000000000000000000000000000000000e-1	0.6147639565936838176662035825665104548974697681802952135151783648e-2
0.10000000000000000000000000000000000000000000000000000000000000000e-1	0.5585302787372563405211228911235565300540429680283912288510080507e-2
0.10000000000000000000000000000000000000000000000000000000000000000e-1	0.5039662564620572167310438787952782493021628414011173106251031004e-2
0.10000000000000000000000000000000000000000000000000000000000000000e-1	0.4512829873702699803218778539043100779956463148079821104131241908e-2
0.10000000000000000000000000000000000000000000000000000000000000000e-1	0.4006842927953801783009517051972287495922682869768708780498449024e-2
0.10000000000000000000000000000000000000000000000000000000000000000e-1	0.3523659292570319125282750603164668348611541325019888948331201387e-2
0.10000000000000000000000000000000000000000000000000000000000000000e-1	0.306514831117082405426743078361005046611343018228908009431064547e-2
0.10000000000000000000000000000000000000000000000000000000000000000e-1	0.2633083873668711873373861573728018578331123464551635397375529777e-2
0.10000000000000000000000000000000000000000000000000000000000000000e-1	0.222913755343673464529744499868827623131025844629116370176434738e-2
0.10000000000000000000000000000000000000000000000000000000000000000e-1	0.1854872140314353874112824379381005164391981566464917282695043387e-2
0.10000000000000000000000000000000000000000000000000000000000000000e-1	0.1511735594477450417350486617374013560846910082561214231785133646e-2
0.10000000000000000000000000000000000000000000000000000000000000000e-1	0.1201055444561695155672050129880525483066146174952168095052132612e-2
0.10000000000000000000000000000000000000000000000000000000000000000e-1	0.9240336517121528381990593075833197970675669861729524254269626739e-3
0.10000000000000000000000000000000000000000000000000000000000000000e-1	0.6817419594291134395729620029787989743275828936095646012027093498e-3
0.10000000000000000000000000000000000000000000000000000000000000000e-1	0.4751177472006941348484567493775739802439320563838833121814616639e-3
0.10000000000000000000000000000000000000000000000000000000000000000e-1	0.3049604039637018520416295911021725707329569962505525496628220155e-3
0.10000000000000000000000000000000000000000000000000000000000000000e-1	0.1719282354231318075541415122677708104791297527676722733532263819e-3
0.10000000000000000000000000000000000000000000000000000000000000000e-1	0.7653591719528207829335383049841151496253575435652020488820573016e-4
0.10000000000000000000000000000000000000000000000000000000000000000e-1	0.1915250362777872948171402369536218712696297657940538535314853786e-4
