2
100
-0.5001209294270029837698136152339308893411444294656163750930741919	0.9998790705729970162301863847660691106588555705343836249069258081
-0.5004836007166014129194132790983078952249558151586299859801670006	0.9995163992833985870805867209016921047750441848413700140198329994
-0.5010876630077453548790005327664751485944760315396776728999217491	0.9989123369922546451209994672335248514055239684603223271000782509
-0.5019325319091808724769071842200848907528040277975021351734271947	0.9980674680908191275230928157799151092471959722024978648265728053
-0.5030173900648108198130141307925646119105619432842505344074738067	0.9969826099351891801869858692074353880894380567157494655925261933
-0.5043411879444340781407420731847612129645980262573837249021689661	0.9956588120555659218592579268152387870354019737426162750978310339
-0.5059026448590982426159822300685406018883181947207837628797310554	0.9940973551409017573840177699314593981116818052792162371202689446
-0.5077002502000834717640511471753298574110071641553264518789862559	0.9922997497999165282359488528246701425889928358446735481210137441
-0.5097322649003188628088136813247414152107512217532824561432018468	0.9902677350996811371911863186752585847892487782467175438567981532
-0.511996723116817526904923532921783743001159284423693053632581907	0.988003276883182473095076467078216256998840715576306946367418093
-0.5144914341325027169962408730145632405083099060782149460318522684	0.9855085658674972830037591269854367594916900939217850539681477316
-0.5172139844755851143492172905752146741017714680636415061803684111	0.9827860155244148856507827094247853258982285319363584938196315889
-0.5201617402544409131143390936679295204498697352640233222036590304	0.9798382597455590868856609063320704795501302647359766777963409696
-0.5233318497057318591645262475164788248759560664008670487420308075	0.9766681502942681408354737524835211751240439335991329512579691925
-0.5267212459533021016406345628085804294651566364786491352143971272	0.9732787540466978983593654371914195705348433635213508647856028728
-0.5303266499751828026807192657794832684474201909175422444000663484	0.9696733500248171973192807342205167315525798090824577555999336516
-0.5341445737758341199941017794551403339320721933776288831132151314	0.9658554262241658800058982205448596660679278066223711168867848686
-0.5381713237605556230380997870886938424113844795846706593525746245	0.9618286762394443769619002129113061575886155204153293406474253755
-0.5424030043088006186526113621003239240499573293301759758100446191	0.9575969956911993813473886378996760759500426706698240241899553809
-0.5468355215429374353213488155793703804008975345532391613880498455	0.9531644784570625646786511844206296195991024654467608386119501545
-0.5514645872888116329187883393995584112141951793499310253131032944	0.9485354127111883670812116606004415887858048206500689746868967056
-0.5562857232242775497937604862168789748405840257688518834695497714	0.9437142767757224502062395137831210251594159742311481165304502286
-0.5612942652116857508465405233017252449826359465290957088740073789	0.9387057347883142491534594766982747550173640534709042911259926211
-0.5664853678101349748026900047366324691028608674799287937837321269	0.9335146321898650251973099952633675308971391325200712062162678731
-0.5718540089631232683438341748230903960215905789693498827085459582	0.9281459910368767316561658251769096039784094210306501172914540418
-0.5773949948570633073702526272861537742693641121027992723813437981	0.9226050051429366926297473727138462257306358878972007276186562019
-0.5831029649459616056041991987063890310989471969414661959886937241	0.9168970350540383943958008012936109689010528030585338040113062759
-0.588972397137400557913389452729907875802441418456752195945362835	0.911027602862599442086610547270092124197558581543247804054637165
-0.5949976131348062156590807767062317458649455664919709938404224389	0.9050023868651937843409192232937682541350544335080290061595775611
-0.6011727839308334950209903055623002592720477424616598967075858379	0.8988272160691665049790096944376997407279522575383401032924141621
-0.6074919354465543228946554813021014826855220880031853911178898216	0.8925080645534456771053445186978985173144779119968146088821101784
-0.6139489543109931700312741581108382946939006944890154828793138582	0.8860510456890068299687258418891617053060993055109845171206861418
-0.6205375937754186440570963716360919169699319707991183008316681707	0.8794624062245813559429036283639080830300680292008816991683318293
-0.6272514797566694472245885793958077579487961174537821209328385329	0.8727485202433305527754114206041922420512038825462178790671614671
-0.6340841170036681713332655211631675428613906236364964743936790574	0.8659158829963318286667344788368324571386093763635035256063209426
-0.6410288953811572259815835300086980238386458494271687852848795328	0.8589711046188427740184164699913019761613541505728312147151204672
-0.6480790962645777914679627836688250502479745568266275365642382204	0.8519209037354222085320372163311749497520254431733724634357617796
-0.6552278990399051639607164045980438898616111164655245414125825371	0.8447721009600948360392835954019561101383888835344754585874174629
-0.6624683877021523220256452826551352247280490177869091063723153459	0.8375316122978476779743547173448647752719509822130908936276846541
-0.6697935575461580884682800057246072361535397576467784803500456953	0.8302064424538419115317199942753927638464602423532215196499543047
-0.6771963219431869820618904634508675885129100102352664143478315679	0.8228036780568130179381095365491324114870899897647335856521684321
-0.6846695191967848364644793402826724640222672042311959482347410289	0.8153304808032151635355206597173275359777327957688040517652589711
-0.6922059194712575887918729483981020675196329800546775675147266726	0.8077940805287424112081270516018979324803670199453224324852733274
-0.6997982317860703820876736324467970984151547386088896352358264132	0.8002017682139296179123263675532029015848452613911103647641735868
-0.7074391110694003522845387436620235652618530513768290325410962702	0.7925608889305996477154612563379764347381469486231709674589037298
-0.715121165264019242881885969619277970938716239250100257200339857	0.784878834735980757118114030380722029061283760749899742799660143
-0.7228369624786313648364775075354542860353906813029971030362570946	0.7771630375213686351635224924645457139646093186970028969637429054
-0.7305790381777484440515290389237405565402897166302599586218521658	0.7694209618222515559484709610762594434597102833697400413781478342
-0.7383399024031456169001033194556116769786664785007059979184871548	0.7616600975968543830998966805443883230213335214992940020815128452
-0.7461120470199122814974611383153001110420798903117265710891176453	0.7538879529800877185025388616846998889579201096882734289108823547
-0.7538879529800877185025388616846998889579201096882734289108823547	0.7461120470199122814974611383153001110420798903117265710891176453
-0.7616600975968543830998966805443883230213335214992940020815128452	0.7383399024031456169001033194556116769786664785007059979184871548
-0.7694209618222515559484709610762594434597102833697400413781478342	0.7305790381777484440515290389237405565402897166302599586218521658
-0.7771630375213686351635224924645457139646093186970028969637429054	0.7228369624786313648364775075354542860353906813029971030362570946
-0.784878834735980757118114030380722029061283760749899742799660143	0.715121165264019242881885969619277970938716239250100257200339857
-0.7925608889305996477154612563379764347381469486231709674589037298	0.7074391110694003522845387436620235652618530513768290325410962702
-0.8002017682139296179123263675532029015848452613911103647641735868	0.6997982317860703820876736324467970984151547386088896352358264132
-0.8077940805287424112081270516018979324803670199453224324852733274	0.6922059194712575887918729483981020675196329800546775675147266726
-0.8153304808032151635355206597173275359777327957688040517652589711	0.6846695191967848364644793402826724640222672042311959482347410289
-0.8228036780568130179381095365491324114870899897647335856521684321	0.6771963219431869820618904634508675885129100102352664143478315679
-0.8302064424538419115317199942753927638464602423532215196499543047	0.6697935575461580884682800057246072361535397576467784803500456953
-0.8375316122978476779743547173448647752719509822130908936276846541	0.6624683877021523220256452826551352247280490177869091063723153459
-0.8447721009600948360392835954019561101383888835344754585874174629	0.6552278990399051639607164045980438898616111164655245414125825371
-0.8519209037354222085320372163311749497520254431733724634357617796	0.6480790962645777914679627836688250502479745568266275365642382204
-0.8589711046188427740184164699913019761613541505728312147151204672	0.6410288953811572259815835300086980238386458494271687852848795328
-0.8659158829963318286667344788368324571386093763635035256063209426	0.6340841170036681713332655211631675428613906236364964743936790574
-0.8727485202433305527754114206041922420512038825462178790671614671	0.6272514797566694472245885793958077579487961174537821209328385329
-0.8794624062245813559429036283639080830300680292008816991683318293	0.6205375937754186440570963716360919169699319707991183008316681707
-0.8860510456890068299687258418891617053060993055109845171206861418	0.6139489543109931700312741581108382946939006944890154828793138582
-0.8925080645534456771053445186978985173144779119968146088821101784	0.6074919354465543228946554813021014826855220880031853911178898216
-0.8988272160691665049790096944376997407279522575383401032924141621	0.6011727839308334950209903055623002592720477424616598967075858379
-0.9050023868651937843409192232937682541350544335080290061595775611	0.5949976131348062156590807767062317458649455664919709938404224389
-0.911027602862599442086610547270092124197558581543247804054637165	0.588972397137400557913389452729907875802441418456752195945362835
-0.9168970350540383943958008012936109689010528030585338040113062759	0.5831029649459616056041991987063890310989471969414661959886937241
-0.9226050051429366926297473727138462257306358878972007276186562019	0.5773949948570633073702526272861537742693641121027992723813437981
-0.9281459910368767316561658251769096039784094210306501172914540418	0.5718540089631232683438341748230903960215905789693498827085459582
-0.9335146321898650251973099952633675308971391325200712062162678731	0.5664853678101349748026900047366324691028608674799287937837321269
-0.9387057347883142491534594766982747550173640534709042911259926211	0.5612942652116857508465405233017252449826359465290957088740073789
-0.9437142767757224502062395137831210251594159742311481165304502286	0.5562857232242775497937604862168789748405840257688518834695497714
-0.9485354127111883670812116606004415887858048206500689746868967056	0.5514645872888116329187883393995584112141951793499310253131032944
-0.9531644784570625646786511844206296195991024654467608386119501545	0.5468355215429374353213488155793703804008975345532391613880498455
-0.9575969956911993813473886378996760759500426706698240241899553809	0.5424030043088006186526113621003239240499573293301759758100446191
-0.9618286762394443769619002129113061575886155204153293406474253755	0.5381713237605556230380997870886938424113844795846706593525746245
-0.9658554262241658800058982205448596660679278066223711168867848686	0.5341445737758341199941017794551403339320721933776288831132151314
-0.9696733500248171973192807342205167315525798090824577555999336516	0.5303266499751828026807192657794832684474201909175422444000663484
-0.9732787540466978983593654371914195705348433635213508647856028728	0.5267212459533021016406345628085804294651566364786491352143971272
-0.9766681502942681408354737524835211751240439335991329512579691925	0.5233318497057318591645262475164788248759560664008670487420308075
-0.9798382597455590868856609063320704795501302647359766777963409696	0.5201617402544409131143390936679295204498697352640233222036590304
-0.9827860155244148856507827094247853258982285319363584938196315889	0.5172139844755851143492172905752146741017714680636415061803684111
-0.9855085658674972830037591269854367594916900939217850539681477316	0.5144914341325027169962408730145632405083099060782149460318522684
-0.988003276883182473095076467078216256998840715576306946367418093	0.511996723116817526904923532921783743001159284423693053632581907
-0.9902677350996811371911863186752585847892487782467175438567981532	0.5097322649003188628088136813247414152107512217532824561432018468
-0.9922997497999165282359488528246701425889928358446735481210137441	0.5077002502000834717640511471753298574110071641553264518789862559
-0.9940973551409017573840177699314593981116818052792162371202689446	0.5059026448590982426159822300685406018883181947207837628797310554
-0.9956588120555659218592579268152387870354019737426162750978310339	0.5043411879444340781407420731847612129645980262573837249021689661
-0.9969826099351891801869858692074353880894380567157494655925261933	0.5030173900648108198130141307925646119105619432842505344074738067
-0.9980674680908191275230928157799151092471959722024978648265728053	0.5019325319091808724769071842200848907528040277975021351734271947
-0.9989123369922546451209994672335248514055239684603223271000782509	0.5010876630077453548790005327664751485944760315396776728999217491
-0.9995163992833985870805867209016921047750441848413700140198329994	0.5004836007166014129194132790983078952249558151586299859801670006
-0.9998790705729970162301863847660691106588555705343836249069258081	0.5001209294270029837698136152339308893411444294656163750930741919
0.1915250362777872948171402369536218712696297657940538535314853786e-4	0.1915250362777872948171402369536218712696297657940538535314853786e-4
0.7653591719528207829335383049841151496253575435652020488820573016e-4	0.7653591719528207829335383049841151496253575435652020488820573016e-4
0.1719282354231318075541415122677708104791297527676722733532263819e-3	0.1719282354231318075541415122677708104791297527676722733532263819e-3
0.3049604039637018520416295911021725707329569962505525496628220155e-3	0.3049604039637018520416295911021725707329569962505525496628220155e-3
0.4751177472006941348484567493775739802439320563838833121814616639e-3	0.4751177472006941348484567493775739802439320563838833121814616639e-3
0.6817419594291134395729620029787989743275828936095646012027093498e-3	0.6817419594291134395729620029787989743275828936095646012027093498e-3
0.9240336517121528381990593075833197970675669861729524254269626739e-3	0.9240336517121528381990593075833197970675669861729524254269626739e-3
0.1201055444561695155672050129880525483066146174952168095052132612e-2	0.1201055444561695155672050129880525483066146174952168095052132612e-2
0.1511735594477450417350486617374013560846910082561214231785133646e-2	0.1511735594477450417350486617374013560846910082561214231785133646e-2
0.1854872140314353874112824379381005164391981566464917282695043387e-2	0.1854872140314353874112824379381005164391981566464917282695043387e-2
0.222913755343673464529744499868827623131025844629116370176434738e-2	0.222913755343673464529744499868827623131025844629116370176434738e-2
0.2633083873668711873373861573728018578331123464551635397375529777e-2	0.2633083873668711873373861573728018578331123464551635397375529777e-2
0.306514831117082405426743078361005046611343018228908009431064547e-2	0.306514831117082405426743078361005046611343018228908009431064547e-2
0.3523659292570319125282750603164668348611541325019888948331201387e-2	0.3523659292570319125282750603164668348611541325019888948331201387e-2
0.4006842927953801783009517051972287495922682869768708780498449024e-2	0.4006842927953801783009517051972287495922682869768708780498449024e-2
0.4512829873702699803218778539043100779956463148079821104131241908e-2	0.4512829873702699803218778539043100779956463148079821104131241908e-2
0.5039662564620572167310438787952782493021628414011173106251031004e-2	0.5039662564620572167310438787952782493021628414011173106251031004e-2
0.5585302787372563405211228911235565300540429680283912288510080507e-2	0.5585302787372563405211228911235565300540429680283912288510080507e-2
0.6147639565936838176662035825665104548974697681802952135151783648e-2	0.6147639565936838176662035825665104548974697681802952135151783648e-2
0.6724497328560716374981386365330979649645138916704098231684978033e-2	0.6724497328560716374981386365330979649645138916704098231684978033e-2
0.7313644324625142038197201595353364911772958583413700920187763522e-2	0.7313644324625142038197201595353364911772958583413700920187763522e-2
0.7912801258854272557927668611754340531293256974609490504389164878e-2	0.7912801258854272557927668611754340531293256974609490504389164878e-2
0.8519650109466108628985582955218929542127375811885158701003558691e-2	0.8519650109466108628985582955218929542127375811885158701003558691e-2
0.9131843096148453229763526294009526991694642242782572618687214485e-2	0.9131843096148453229763526294009526991694642242782572618687214485e-2
0.9747011763164842831582619339219806377904154071751547369866045357e-2	0.9747011763164842831582619339219806377904154071751547369866045357e-2
0.1036277614244967853860976952651042863450825827719976245867377605e-1	0.1036277614244967853860976952651042863450825827719976245867377605e-1
0.109767539612423221846939600976057708500835373741387285926234814e-1	0.109767539612423221846939600976057708500835373741387285926234814e-1
0.1158656985863760981051331708269213602923354251972954326569915761e-1	0.1158656985863760981051331708269213602923354251972954326569915761e-1
0.1218986457539573905774760600403556168239077306714148247466429019e-1	0.1218986457539573905774760600403556168239077306714148247466429019e-1
0.1278430408145794130447958560590623411830059365404885487731360127e-1	0.1278430408145794130447958560590623411830059365404885487731360127e-1
0.1336758860585535358314276108296494159492875177081548093574988729e-1	0.1336758860585535358314276108296494159492875177081548093574988729e-1
0.1393746153407612707057573133984851286146635418508405795785195167e-1	0.1393746153407612707057573133984851286146635418508405795785195167e-1
0.1449171813846858727393007836977554285697462876687142675668597793e-1	0.1449171813846858727393007836977554285697462876687142675668597793e-1
0.1502821410790421211655063874708546863485417937429234452151809225e-1	0.1502821410790421211655063874708546863485417937429234452151809225e-1
0.1554487384370081889526116905734251553720704601967582609434099717e-1	0.1554487384370081889526116905734251553720704601967582609434099717e-1
0.1603969848971064492439284052648587145089324489140708935285455687e-1	0.1603969848971064492439284052648587145089324489140708935285455687e-1
0.1651077366550647106518022975420241460994268526964490312916064459e-1	0.1651077366550647106518022975420241460994268526964490312916064459e-1
0.1695627687274759333291745842284790510805581865467921256599817987e-1	0.1695627687274759333291745842284790510805581865467921256599817987e-1
0.1737448454607185145162215749300098039672728924637244717330663846e-1	0.1737448454607185145162215749300098039672728924637244717330663846e-1
0.1776377872123518285470145190496798371428929982772550394799590913e-1	0.1776377872123518285470145190496798371428929982772550394799590913e-1
0.1812265329470096559791638169899707231485317507603263462138437152e-1	0.1812265329470096559791638169899707231485317507603263462138437152e-1
0.1844971985046201504973854338791523429971991313355925215393207401e-1	0.1844971985046201504973854338791523429971991313355925215393207401e-1
0.1874371303155239201423229454223443843702349954540003424893476724e-1	0.1874371303155239201423229454223443843702349954540003424893476724e-1
0.1900349543546768660933310520127011800198535701924660110084518692e-1	0.1900349543546768660933310520127011800198535701924660110084518692e-1
0.1922806201455434784173303473209650532640356807611029916705535571e-1	0.1922806201455434784173303473209650532640356807611029916705535571e-1
0.1941654396434380741351232945248548850650490210878089282601180805e-1	0.1941654396434380741351232945248548850650490210878089282601180805e-1
0.1956821208478818841124822851213700586580918040709767275723837404e-1	0.1956821208478818841124822851213700586580918040709767275723837404e-1
0.1968247960139363089849448986960140150849259630557423626109014627e-1	0.1968247960139363089849448986960140150849259630557423626109014627e-1
0.1975890443533681762855443434588217233289203835486425057822092083e-1	0.1975890443533681762855443434588217233289203835486425057822092083e-1
0.197971909137820600487202528620225390359942800211637079171059726e-1	0.197971909137820600487202528620225390359942800211637079171059726e-1
0.197971909137820600487202528620225390359942800211637079171059726e-1	0.197971909137820600487202528620225390359942800211637079171059726e-1
0.1975890443533681762855443434588217233289203835486425057822092083e-1	0.1975890443533681762855443434588217233289203835486425057822092083e-1
0.1968247960139363089849448986960140150849259630557423626109014627e-1	0.1968247960139363089849448986960140150849259630557423626109014627e-1
0.1956821208478818841124822851213700586580918040709767275723837404e-1	0.1956821208478818841124822851213700586580918040709767275723837404e-1
0.1941654396434380741351232945248548850650490210878089282601180805e-1	0.1941654396434380741351232945248548850650490210878089282601180805e-1
0.1922806201455434784173303473209650532640356807611029916705535571e-1	0.1922806201455434784173303473209650532640356807611029916705535571e-1
0.1900349543546768660933310520127011800198535701924660110084518692e-1	0.1900349543546768660933310520127011800198535701924660110084518692e-1
0.1874371303155239201423229454223443843702349954540003424893476724e-1	0.1874371303155239201423229454223443843702349954540003424893476724e-1
0.1844971985046201504973854338791523429971991313355925215393207401e-1	0.1844971985046201504973854338791523429971991313355925215393207401e-1
0.1812265329470096559791638169899707231485317507603263462138437152e-1	0.1812265329470096559791638169899707231485317507603263462138437152e-1
0.1776377872123518285470145190496798371428929982772550394799590913e-1	0.1776377872123518285470145190496798371428929982772550394799590913e-1
0.1737448454607185145162215749300098039672728924637244717330663846e-1	0.1737448454607185145162215749300098039672728924637244717330663846e-1
0.1695627687274759333291745842284790510805581865467921256599817987e-1	0.1695627687274759333291745842284790510805581865467921256599817987e-1
0.1651077366550647106518022975420241460994268526964490312916064459e-1	0.1651077366550647106518022975420241460994268526964490312916064459e-1
0.1603969848971064492439284052648587145089324489140708935285455687e-1	0.1603969848971064492439284052648587145089324489140708935285455687e-1
0.1554487384370081889526116905734251553720704601967582609434099717e-1	0.1554487384370081889526116905734251553720704601967582609434099717e-1
0.1502821410790421211655063874708546863485417937429234452151809225e-1	0.1502821410790421211655063874708546863485417937429234452151809225e-1
0.1449171813846858727393007836977554285697462876687142675668597793e-1	0.1449171813846858727393007836977554285697462876687142675668597793e-1
0.1393746153407612707057573133984851286146635418508405795785195167e-1	0.1393746153407612707057573133984851286146635418508405795785195167e-1
0.1336758860585535358314276108296494159492875177081548093574988729e-1	0.1336758860585535358314276108296494159492875177081548093574988729e-1
0.1278430408145794130447958560590623411830059365404885487731360127e-1	0.1278430408145794130447958560590623411830059365404885487731360127e-1
0.1218986457539573905774760600403556168239077306714148247466429019e-1	0.1218986457539573905774760600403556168239077306714148247466429019e-1
0.1158656985863760981051331708269213602923354251972954326569915761e-1	0.1158656985863760981051331708269213602923354251972954326569915761e-1
0.109767539612423221846939600976057708500835373741387285926234814e-1	0.109767539612423221846939600976057708500835373741387285926234814e-1
0.1036277614244967853860976952651042863450825827719976245867377605e-1	0.1036277614244967853860976952651042863450825827719976245867377605e-1
0.9747011763164842831582619339219806377904154071751547369866045357e-2	0.9747011763164842831582619339219806377904154071751547369866045357e-2
0.9131843096148453229763526294009526991694642242782572618687214485e-2	0.9131843096148453229763526294009526991694642242782572618687214485e-2
0.8519650109466108628985582955218929542127375811885158701003558691e-2	0.8519650109466108628985582955218929542127375811885158701003558691e-2
0.7912801258854272557927668611754340531293256974609490504389164878e-2	0.7912801258854272557927668611754340531293256974609490504389164878e-2
0.7313644324625142038197201595353364911772958583413700920187763522e-2	0.7313644324625142038197201595353364911772958583413700920187763522e-2
0.6724497328560716374981386365330979649645138916704098231684978033e-2	0.6724497328560716374981386365330979649645138916704098231684978033e-2
0.6147639565936838176662035825665104548974697681802952135151783648e-2	0.6147639565936838176662035825665104548974697681802952135151783648e-2
0.5585302787372563405211228911235565300540429680283912288510080507e-2	0.5585302787372563405211228911235565300540429680283912288510080507e-2
0.5039662564620572167310438787952782493021628414011173106251031004e-2	0.5039662564620572167310438787952782493021628414011173106251031004e-2
0.4512829873702699803218778539043100779956463148079821104131241908e-2	0.4512829873702699803218778539043100779956463148079821104131241908e-2
0.4006842927953801783009517051972287495922682869768708780498449024e-2	0.4006842927953801783009517051972287495922682869768708780498449024e-2
0.3523659292570319125282750603164668348611541325019888948331201387e-2	0.3523659292570319125282750603164668348611541325019888948331201387e-2
0.306514831117082405426743078361005046611343018228908009431064547e-2	0.306514831117082405426743078361005046611343018228908009431064547e-2
0.2633083873668711873373861573728018578331123464551635397375529777e-2	0.2633083873668711873373861573728018578331123464551635397375529777e-2
0.222913755343673464529744499868827623131025844629116370176434738e-2	0.222913755343673464529744499868827623131025844629116370176434738e-2
0.1854872140314353874112824379381005164391981566464917282695043387e-2	0.1854872140314353874112824379381005164391981566464917282695043387e-2
0.1511735594477450417350486617374013560846910082561214231785133646e-2	0.1511735594477450417350486617374013560846910082561214231785133646e-2
0.1201055444561695155672050129880525483066146174952168095052132612e-2	0.1201055444561695155672050129880525483066146174952168095052132612e-2
0.9240336517121528381990593075833197970675669861729524254269626739e-3	0.9240336517121528381990593075833197970675669861729524254269626739e-3
0.6817419594291134395729620029787989743275828936095646012027093498e-3	0.6817419594291134395729620029787989743275828936095646012027093498e-3
0.4751177472006941348484567493775739802439320563838833121814616639e-3	0.4751177472006941348484567493775739802439320563838833121814616639e-3
0.3049604039637018520416295911021725707329569962505525496628220155e-3	0.3049604039637018520416295911021725707329569962505525496628220155e-3
0.1719282354231318075541415122677708104791297527676722733532263819e-3	0.1719282354231318075541415122677708104791297527676722733532263819e-3
0.7653591719528207829335383049841151496253575435652020488820573016e-4	0.7653591719528207829335383049841151496253575435652020488820573016e-4
0.1915250362777872948171402369536218712696297657940538535314853786e-4	0.1915250362777872948171402369536218712696297657940538535314853786e-4
2
100
0.9973395526059346899161940376589790093187401638303789065856665348e-1	0.9997339552605934911960798962690287094045073781994441406585666535
0.9893607842347692479807678069104063441395005507884552979677655546e-1	0.9989360784234769470025372731941714428865834168952517797967765555
0.9760714138296025237968180439134001239534703939698881193924123314e-1	0.9976071413829602745841422968944708208679804012133950619392412331
0.9574842979980211351420830604724280235325247431933910810580362453e-1	0.9957484297998021357186687985503736108258858361357453581058036245
0.9336174185741622918206350313454758734580453573022825713191171092e-1	0.9933617418574162513865239956376783958184378975466345071319117109
0.9044938652224506062590828812648262598873081149160998587670585649e-1	0.9904493865222450828303687806296134344613641733080162358767058565
0.8701418130998389850300947600291778940830531695418629789361593608e-1	0.9870141813099839207074699685060485978809386787705925478936159361
0.8305944955981639405793900416782831043928790336789629196497743082e-1	0.9830594495598164162623994966709591189119212651843025419649774308
0.7858901721929853339850310798662422125938696810847541818920815371e-1	0.9785890172192985556029636004897550297320203299248816681892081537
0.7360720914300147198481285043178159463193274242827324075915386465e-1	0.9736072091430014941892733429349124031045661042446794907591538647
0.6811884490849405334076500472371340681705718004407094350986420427e-1	0.9681188449084940755452254972268442152896905418604771935098642043
0.6212923415371277868059479383568876107117986971353010431655550272e-1	0.9621292341537128008850552863388195695438132315299363543165555027
0.5564417144023002087370021316650506395780320657872443776384708206e-1	0.9556441714402300430781607056696358724304365683951306877638470821
0.486699306473899390001639141548918766215424248565205937798833868e-1	0.9486699306473899612046244066580226850941757866729268437798833868
0.4121325890273540495064789993137386868624943714198518606503977935e-1	0.9412132589027354271551083924345046771588827989583914360650397793
0.3328137005459786202201314408849226594748228562890643867777629972e-1	0.9332813700545978842264736365916230744201156474453126886777762997
0.2488193769316496325437210844245012795111816692084184185210043712e-1	0.9248819376931649854588326009455809364237515287372480918521004371
0.1602308772677765584228200405714280978749840054592948440305233717e-1	0.9160230877267776780467424965602736182601317623623357344030523372
0.6713390520638664738659070628356678866062529093254756999122150487e-2	0.9067133905206386869431195631314874873386958909096610069991221505
-0.3038147394462332719936557487387088491669718965036055712469710288e-2	0.8969618526055376894845239350157437199809636428513701942875302897
-0.1322209203538556825659076966350602144685962258776728159703695013e-1	0.8867779079646144539478697228396247870257737392286389684029630499
-0.2382859109341058623793527192593186049565564394408683714438068943e-1	0.8761714089065894359665252205771989479769777178723194128556193106
-0.3484738346570862944374713498818176306929753582128637856991874409e-1	0.8651526165342913927607133575149490454033358259951198714300812559
-0.4626780918229692306940105462334675573061833660395365767572454358e-1	0.8537321908177030991350594378797840527420150252124525923242754564
-0.5807881971887116981358047185319435844411931645110465001878369359e-1	0.8419211802811288523908800206499364500285140453653015999812163064
-0.7026898868553925665597788624400370652202253658960920026767555782e-1	0.8297310113144607655484826062591271019506108252267970497323244422
-0.8282652288111551378459951401917604392522554765070919270243431571e-1	0.8171734771188845084198609784839547645474078141656970572975656843
-0.9573927370228120990743867453677581701724198861040089620752589119e-1	0.8042607262977188122970218179663549914553913732060053537924741088
-0.1089947488965736580182529518702225208145410265866076743675071297	0.7910052511034263641862075406329082876580923352297985756324928703
-0.1225801246478336737113846031523479208767970389313104014322668267	0.7774198753521663484930758893507828875958363228850958485677331733
-0.1364822579824194961559547911956258062528121879695592332705274777	0.7635177420175805260485057013075050022198211738468470167294725223
-0.1506876994841849610035128423730852736045643048668679165471455048	0.7493123005158150612009476501300455348680690569495383334528544952
-0.1651827063059210050306991896261026424935340316270517274337901123	0.7348172936940790171737613028770281659790993301893545225662098877
-0.1799532554646727731918077748723100891077470092188812720361655407	0.7200467445353272490126527176308207193648863525975249779638344593
-0.1949850574080699674446172372452098186963170333217625348846653084	0.7050149425919300547598432552579209897763163284946437151153346916
-0.2102635698385458889045573136025425413321626315866418619174523287	0.6897364301614541332999031789005882671404707302297643880825476713
-0.2257740117820711342269589274958029388964999085592744715573587957	0.6742259882179288879775015650073278695761334532571317784426412043
-0.2415013778877913549808993638877114084583179260708125803714348784	0.6584986221122086672235611286154194000143154357455936696285651216
-0.2574304529447351040099120511915832740154076436907633967436360245	0.6425695470552649181945484413115475344572257181256428532563639755
-0.2735458266015477914849199971612326001232958126596196067266645836	0.6264541733984522307195404953418982083493375491567866432733354164
-0.2898319082750113587058581208721000058563494537749807864575560827	0.6101680917249886634986023716310308026162839080414254635424439173
-0.3062729422329266397190601552636424016915843194827575562623809672	0.5937270577670733824854003372394884067810490423336486937376190328
-0.3228530228367666961780597103193473721632392069549833328514112462	0.5771469771632333260264007821837834363093941548614229171485887538
-0.3395561099293548427774868059545217309005650727245432470831313657	0.5604438900706451794269736865486090775720682890918630029168686343
-0.3563660443526807785678828680255076316200407810568933698872655179	0.5436339556473192436365776244776231768525925807595128801127344821
-0.3732665635808423392466537160569322313358273587910324283913794243	0.5267334364191576829578067764461985771368060030253738216086205757
-0.3902413174529890089173560148326846232334096205834132222900905508	0.5097586825470110132871044776704461852392237412329930277099094492
-0.4072738839910465845657382958150243504945811356832322776322133507	0.4927261160089534376387221966881064579780522261331739723677866493
-0.4243477852869203662112081376292403147936750329416217676373285909	0.4756522147130796559932523548738904936789583288747844823626714091
-0.4414465034438070297060055638006851916471590477444564105394668948	0.4585534965561929924984549287024456168254743140719498394605331052
-0.4585534965561929924984549287024456168254743140719498394605331052	0.4414465034438070297060055638006851916471590477444564105394668948
-0.4756522147130796559932523548738904936789583288747844823626714091	0.4243477852869203662112081376292403147936750329416217676373285909
-0.4927261160089534376387221966881064579780522261331739723677866493	0.4072738839910465845657382958150243504945811356832322776322133507
-0.5097586825470110132871044776704461852392237412329930277099094492	0.3902413174529890089173560148326846232334096205834132222900905508
-0.5267334364191576829578067764461985771368060030253738216086205757	0.3732665635808423392466537160569322313358273587910324283913794243
-0.5436339556473192436365776244776231768525925807595128801127344821	0.3563660443526807785678828680255076316200407810568933698872655179
-0.5604438900706451794269736865486090775720682890918630029168686343	0.3395561099293548427774868059545217309005650727245432470831313657
-0.5771469771632333260264007821837834363093941548614229171485887538	0.3228530228367666961780597103193473721632392069549833328514112462
-0.5937270577670733824854003372394884067810490423336486937376190328	0.3062729422329266397190601552636424016915843194827575562623809672
-0.6101680917249886634986023716310308026162839080414254635424439173	0.2898319082750113587058581208721000058563494537749807864575560827
-0.6264541733984522307195404953418982083493375491567866432733354164	0.2735458266015477914849199971612326001232958126596196067266645836
-0.6425695470552649181945484413115475344572257181256428532563639755	0.2574304529447351040099120511915832740154076436907633967436360245
-0.6584986221122086672235611286154194000143154357455936696285651216	0.2415013778877913549808993638877114084583179260708125803714348784
-0.6742259882179288879775015650073278695761334532571317784426412043	0.2257740117820711342269589274958029388964999085592744715573587957
-0.6897364301614541332999031789005882671404707302297643880825476713	0.2102635698385458889045573136025425413321626315866418619174523287
-0.7050149425919300547598432552579209897763163284946437151153346916	0.1949850574080699674446172372452098186963170333217625348846653084
-0.7200467445353272490126527176308207193648863525975249779638344593	0.1799532554646727731918077748723100891077470092188812720361655407
-0.7348172936940790171737613028770281659790993301893545225662098877	0.1651827063059210050306991896261026424935340316270517274337901123
-0.7493123005158150612009476501300455348680690569495383334528544952	0.1506876994841849610035128423730852736045643048668679165471455048
-0.7635177420175805260485057013075050022198211738468470167294725223	0.1364822579824194961559547911956258062528121879695592332705274777
-0.7774198753521663484930758893507828875958363228850958485677331733	0.1225801246478336737113846031523479208767970389313104014322668267
-0.7910052511034263641862075406329082876580923352297985756324928703	0.1089947488965736580182529518702225208145410265866076743675071297
-0.8042607262977188122970218179663549914553913732060053537924741088	0.9573927370228120990743867453677581701724198861040089620752589119e-1
-0.8171734771188845084198609784839547645474078141656970572975656843	0.8282652288111551378459951401917604392522554765070919270243431571e-1
-0.8297310113144607655484826062591271019506108252267970497323244422	0.7026898868553925665597788624400370652202253658960920026767555782e-1
-0.8419211802811288523908800206499364500285140453653015999812163064	0.5807881971887116981358047185319435844411931645110465001878369359e-1
-0.8537321908177030991350594378797840527420150252124525923242754564	0.4626780918229692306940105462334675573061833660395365767572454358e-1
-0.8651526165342913927607133575149490454033358259951198714300812559	0.3484738346570862944374713498818176306929753582128637856991874409e-1
-0.8761714089065894359665252205771989479769777178723194128556193106	0.2382859109341058623793527192593186049565564394408683714438068943e-1
-0.8867779079646144539478697228396247870257737392286389684029630499	0.1322209203538556825659076966350602144685962258776728159703695013e-1
-0.8969618526055376894845239350157437199809636428513701942875302897	0.3038147394462332719936557487387088491669718965036055712469710288e-2
-0.9067133905206386869431195631314874873386958909096610069991221505	-0.6713390520638664738659070628356678866062529093254756999122150487e-2
-0.9160230877267776780467424965602736182601317623623357344030523372	-0.1602308772677765584228200405714280978749840054592948440305233717e-1
-0.9248819376931649854588326009455809364237515287372480918521004371	-0.2488193769316496325437210844245012795111816692084184185210043712e-1
-0.9332813700545978842264736365916230744201156474453126886777762997	-0.3328137005459786202201314408849226594748228562890643867777629972e-1
-0.9412132589027354271551083924345046771588827989583914360650397793	-0.4121325890273540495064789993137386868624943714198518606503977935e-1
-0.9486699306473899612046244066580226850941757866729268437798833868	-0.486699306473899390001639141548918766215424248565205937798833868e-1
-0.9556441714402300430781607056696358724304365683951306877638470821	-0.5564417144023002087370021316650506395780320657872443776384708206e-1
-0.9621292341537128008850552863388195695438132315299363543165555027	-0.6212923415371277868059479383568876107117986971353010431655550272e-1
-0.9681188449084940755452254972268442152896905418604771935098642043	-0.6811884490849405334076500472371340681705718004407094350986420427e-1
-0.9736072091430014941892733429349124031045661042446794907591538647	-0.7360720914300147198481285043178159463193274242827324075915386465e-1
-0.9785890172192985556029636004897550297320203299248816681892081537	-0.7858901721929853339850310798662422125938696810847541818920815371e-1
-0.9830594495598164162623994966709591189119212651843025419649774308	-0.8305944955981639405793900416782831043928790336789629196497743082e-1
-0.9870141813099839207074699685060485978809386787705925478936159361	-0.8701418130998389850300947600291778940830531695418629789361593608e-1
-0.9904493865222450828303687806296134344613641733080162358767058565	-0.9044938652224506062590828812648262598873081149160998587670585649e-1
-0.9933617418574162513865239956376783958184378975466345071319117109	-0.9336174185741622918206350313454758734580453573022825713191171092e-1
-0.9957484297998021357186687985503736108258858361357453581058036245	-0.9574842979980211351420830604724280235325247431933910810580362453e-1
-0.9976071413829602745841422968944708208679804012133950619392412331	-0.9760714138296025237968180439134001239534703939698881193924123314e-1
-0.9989360784234769470025372731941714428865834168952517797967765555	-0.9893607842347692479807678069104063441395005507884552979677655546e-1
-0.9997339552605934911960798962690287094045073781994441406585666535	-0.9973395526059346899161940376589790093187401638303789065856665348e-1
0.1915250362777872948171402369536218712696297657940538535314853786e-4	0.1915250362777872948171402369536218712696297657940538535314853786e-4
0.7653591719528207829335383049841151496253575435652020488820573016e-4	0.7653591719528207829335383049841151496253575435652020488820573016e-4
0.1719282354231318075541415122677708104791297527676722733532263819e-3	0.1719282354231318075541415122677708104791297527676722733532263819e-3
0.3049604039637018520416295911021725707329569962505525496628220155e-3	0.3049604039637018520416295911021725707329569962505525496628220155e-3
0.4751177472006941348484567493775739802439320563838833121814616639e-3	0.4751177472006941348484567493775739802439320563838833121814616639e-3
0.6817419594291134395729620029787989743275828936095646012027093498e-3	0.6817419594291134395729620029787989743275828936095646012027093498e-3
0.9240336517121528381990593075833197970675669861729524254269626739e-3	0.9240336517121528381990593075833197970675669861729524254269626739e-3
0.1201055444561695155672050129880525483066146174952168095052132612e-2	0.1201055444561695155672050129880525483066146174952168095052132612e-2
0.1511735594477450417350486617374013560846910082561214231785133646e-2	0.1511735594477450417350486617374013560846910082561214231785133646e-2
0.1854872140314353874112824379381005164391981566464917282695043387e-2	0.1854872140314353874112824379381005164391981566464917282695043387e-2
0.222913755343673464529744499868827623131025844629116370176434738e-2	0.222913755343673464529744499868827623131025844629116370176434738e-2
0.2633083873668711873373861573728018578331123464551635397375529777e-2	0.2633083873668711873373861573728018578331123464551635397375529777e-2
0.306514831117082405426743078361005046611343018228908009431064547e-2	0.306514831117082405426743078361005046611343018228908009431064547e-2
0.3523659292570319125282750603164668348611541325019888948331201387e-2	0.3523659292570319125282750603164668348611541325019888948331201387e-2
0.4006842927953801783009517051972287495922682869768708780498449024e-2	0.4006842927953801783009517051972287495922682869768708780498449024e-2
0.4512829873702699803218778539043100779956463148079821104131241908e-2	0.4512829873702699803218778539043100779956463148079821104131241908e-2
0.5039662564620572167310438787952782493021628414011173106251031004e-2	0.5039662564620572167310438787952782493021628414011173106251031004e-2
0.5585302787372563405211228911235565300540429680283912288510080507e-2	0.5585302787372563405211228911235565300540429680283912288510080507e-2
0.6147639565936838176662035825665104548974697681802952135151783648e-2	0.6147639565936838176662035825665104548974697681802952135151783648e-2
0.6724497328560716374981386365330979649645138916704098231684978033e-2	0.6724497328560716374981386365330979649645138916704098231684978033e-2
0.7313644324625142038197201595353364911772958583413700920187763522e-2	0.7313644324625142038197201595353364911772958583413700920187763522e-2
0.7912801258854272557927668611754340531293256974609490504389164878e-2	0.7912801258854272557927668611754340531293256974609490504389164878e-2
0.8519650109466108628985582955218929542127375811885158701003558691e-2	0.8519650109466108628985582955218929542127375811885158701003558691e-2
0.9131843096148453229763526294009526991694642242782572618687214485e-2	0.9131843096148453229763526294009526991694642242782572618687214485e-2
0.9747011763164842831582619339219806377904154071751547369866045357e-2	0.9747011763164842831582619339219806377904154071751547369866045357e-2
0.1036277614244967853860976952651042863450825827719976245867377605e-1	0.1036277614244967853860976952651042863450825827719976245867377605e-1
0.109767539612423221846939600976057708500835373741387285926234814e-1	0.109767539612423221846939600976057708500835373741387285926234814e-1
0.1158656985863760981051331708269213602923354251972954326569915761e-1	0.1158656985863760981051331708269213602923354251972954326569915761e-1
0.1218986457539573905774760600403556168239077306714148247466429019e-1	0.1218986457539573905774760600403556168239077306714148247466429019e-1
0.1278430408145794130447958560590623411830059365404885487731360127e-1	0.1278430408145794130447958560590623411830059365404885487731360127e-1
0.1336758860585535358314276108296494159492875177081548093574988729e-1	0.1336758860585535358314276108296494159492875177081548093574988729e-1
0.1393746153407612707057573133984851286146635418508405795785195167e-1	0.1393746153407612707057573133984851286146635418508405795785195167e-1
0.1449171813846858727393007836977554285697462876687142675668597793e-1	0.1449171813846858727393007836977554285697462876687142675668597793e-1
0.1502821410790421211655063874708546863485417937429234452151809225e-1	0.1502821410790421211655063874708546863485417937429234452151809225e-1
0.1554487384370081889526116905734251553720704601967582609434099717e-1	0.1554487384370081889526116905734251553720704601967582609434099717e-1
0.1603969848971064492439284052648587145089324489140708935285455687e-1	0.1603969848971064492439284052648587145089324489140708935285455687e-1
0.1651077366550647106518022975420241460994268526964490312916064459e-1	0.1651077366550647106518022975420241460994268526964490312916064459e-1
0.1695627687274759333291745842284790510805581865467921256599817987e-1	0.1695627687274759333291745842284790510805581865467921256599817987e-1
0.1737448454607185145162215749300098039672728924637244717330663846e-1	0.1737448454607185145162215749300098039672728924637244717330663846e-1
0.1776377872123518285470145190496798371428929982772550394799590913e-1	0.1776377872123518285470145190496798371428929982772550394799590913e-1
0.1812265329470096559791638169899707231485317507603263462138437152e-1	0.1812265329470096559791638169899707231485317507603263462138437152e-1
0.1844971985046201504973854338791523429971991313355925215393207401e-1	0.1844971985046201504973854338791523429971991313355925215393207401e-1
0.1874371303155239201423229454223443843702349954540003424893476724e-1	0.1874371303155239201423229454223443843702349954540003424893476724e-1
0.1900349543546768660933310520127011800198535701924660110084518692e-1	0.1900349543546768660933310520127011800198535701924660110084518692e-1
0.1922806201455434784173303473209650532640356807611029916705535571e-1	0.1922806201455434784173303473209650532640356807611029916705535571e-1
0.1941654396434380741351232945248548850650490210878089282601180805e-1	0.1941654396434380741351232945248548850650490210878089282601180805e-1
0.1956821208478818841124822851213700586580918040709767275723837404e-1	0.1956821208478818841124822851213700586580918040709767275723837404e-1
0.1968247960139363089849448986960140150849259630557423626109014627e-1	0.1968247960139363089849448986960140150849259630557423626109014627e-1
0.1975890443533681762855443434588217233289203835486425057822092083e-1	0.1975890443533681762855443434588217233289203835486425057822092083e-1
0.197971909137820600487202528620225390359942800211637079171059726e-1	0.197971909137820600487202528620225390359942800211637079171059726e-1
0.197971909137820600487202528620225390359942800211637079171059726e-1	0.197971909137820600487202528620225390359942800211637079171059726e-1
0.1975890443533681762855443434588217233289203835486425057822092083e-1	0.1975890443533681762855443434588217233289203835486425057822092083e-1
0.1968247960139363089849448986960140150849259630557423626109014627e-1	0.1968247960139363089849448986960140150849259630557423626109014627e-1
0.1956821208478818841124822851213700586580918040709767275723837404e-1	0.1956821208478818841124822851213700586580918040709767275723837404e-1
0.1941654396434380741351232945248548850650490210878089282601180805e-1	0.1941654396434380741351232945248548850650490210878089282601180805e-1
0.1922806201455434784173303473209650532640356807611029916705535571e-1	0.1922806201455434784173303473209650532640356807611029916705535571e-1
0.1900349543546768660933310520127011800198535701924660110084518692e-1	0.1900349543546768660933310520127011800198535701924660110084518692e-1
0.1874371303155239201423229454223443843702349954540003424893476724e-1	0.1874371303155239201423229454223443843702349954540003424893476724e-1
0.1844971985046201504973854338791523429971991313355925215393207401e-1	0.1844971985046201504973854338791523429971991313355925215393207401e-1
0.1812265329470096559791638169899707231485317507603263462138437152e-1	0.1812265329470096559791638169899707231485317507603263462138437152e-1
0.1776377872123518285470145190496798371428929982772550394799590913e-1	0.1776377872123518285470145190496798371428929982772550394799590913e-1
0.1737448454607185145162215749300098039672728924637244717330663846e-1	0.1737448454607185145162215749300098039672728924637244717330663846e-1
0.1695627687274759333291745842284790510805581865467921256599817987e-1	0.1695627687274759333291745842284790510805581865467921256599817987e-1
0.1651077366550647106518022975420241460994268526964490312916064459e-1	0.1651077366550647106518022975420241460994268526964490312916064459e-1
0.1603969848971064492439284052648587145089324489140708935285455687e-1	0.1603969848971064492439284052648587145089324489140708935285455687e-1
0.1554487384370081889526116905734251553720704601967582609434099717e-1	0.1554487384370081889526116905734251553720704601967582609434099717e-1
0.1502821410790421211655063874708546863485417937429234452151809225e-1	0.1502821410790421211655063874708546863485417937429234452151809225e-1
0.1449171813846858727393007836977554285697462876687142675668597793e-1	0.1449171813846858727393007836977554285697462876687142675668597793e-1
0.1393746153407612707057573133984851286146635418508405795785195167e-1	0.1393746153407612707057573133984851286146635418508405795785195167e-1
0.1336758860585535358314276108296494159492875177081548093574988729e-1	0.1336758860585535358314276108296494159492875177081548093574988729e-1
0.1278430408145794130447958560590623411830059365404885487731360127e-1	0.1278430408145794130447958560590623411830059365404885487731360127e-1
0.1218986457539573905774760600403556168239077306714148247466429019e-1	0.1218986457539573905774760600403556168239077306714148247466429019e-1
0.1158656985863760981051331708269213602923354251972954326569915761e-1	0.1158656985863760981051331708269213602923354251972954326569915761e-1
0.109767539612423221846939600976057708500835373741387285926234814e-1	0.109767539612423221846939600976057708500835373741387285926234814e-1
0.1036277614244967853860976952651042863450825827719976245867377605e-1	0.1036277614244967853860976952651042863450825827719976245867377605e-1
0.9747011763164842831582619339219806377904154071751547369866045357e-2	0.9747011763164842831582619339219806377904154071751547369866045357e-2
0.9131843096148453229763526294009526991694642242782572618687214485e-2	0.9131843096148453229763526294009526991694642242782572618687214485e-2
0.8519650109466108628985582955218929542127375811885158701003558691e-2	0.8519650109466108628985582955218929542127375811885158701003558691e-2
0.7912801258854272557927668611754340531293256974609490504389164878e-2	0.7912801258854272557927668611754340531293256974609490504389164878e-2
0.7313644324625142038197201595353364911772958583413700920187763522e-2	0.7313644324625142038197201595353364911772958583413700920187763522e-2
0.6724497328560716374981386365330979649645138916704098231684978033e-2	0.6724497328560716374981386365330979649645138916704098231684978033e-2
0.6147639565936838176662035825665104548974697681802952135151783648e-2	0.6147639565936838176662035825665104548974697681802952135151783648e-2
0.5585302787372563405211228911235565300540429680283912288510080507e-2	0.5585302787372563405211228911235565300540429680283912288510080507e-2
0.5039662564620572167310438787952782493021628414011173106251031004e-2	0.5039662564620572167310438787952782493021628414011173106251031004e-2
0.4512829873702699803218778539043100779956463148079821104131241908e-2	0.4512829873702699803218778539043100779956463148079821104131241908e-2
0.4006842927953801783009517051972287495922682869768708780498449024e-2	0.4006842927953801783009517051972287495922682869768708780498449024e-2
0.3523659292570319125282750603164668348611541325019888948331201387e-2	0.3523659292570319125282750603164668348611541325019888948331201387e-2
0.306514831117082405426743078361005046611343018228908009431064547e-2	0.306514831117082405426743078361005046611343018228908009431064547e-2
0.2633083873668711873373861573728018578331123464551635397375529777e-2	0.2633083873668711873373861573728018578331123464551635397375529777e-2
0.222913755343673464529744499868827623131025844629116370176434738e-2	0.222913755343673464529744499868827623131025844629116370176434738e-2
0.1854872140314353874112824379381005164391981566464917282695043387e-2	0.1854872140314353874112824379381005164391981566464917282695043387e-2
0.1511735594477450417350486617374013560846910082561214231785133646e-2	0.1511735594477450417350486617374013560846910082561214231785133646e-2
0.1201055444561695155672050129880525483066146174952168095052132612e-2	0.1201055444561695155672050129880525483066146174952168095052132612e-2
0.9240336517121528381990593075833197970675669861729524254269626739e-3	0.9240336517121528381990593075833197970675669861729524254269626739e-3
0.6817419594291134395729620029787989743275828936095646012027093498e-3	0.6817419594291134395729620029787989743275828936095646012027093498e-3
0.4751177472006941348484567493775739802439320563838833121814616639e-3	0.4751177472006941348484567493775739802439320563838833121814616639e-3
0.3049604039637018520416295911021725707329569962505525496628220155e-3	0.3049604039637018520416295911021725707329569962505525496628220155e-3
0.1719282354231318075541415122677708104791297527676722733532263819e-3	0.1719282354231318075541415122677708104791297527676722733532263819e-3
0.7653591719528207829335383049841151496253575435652020488820573016e-4	0.7653591719528207829335383049841151496253575435652020488820573016e-4
0.1915250362777872948171402369536218712696297657940538535314853786e-4	0.1915250362777872948171402369536218712696297657940538535314853786e-4
