2
100
0	1
0	0	1
0.5	0	0	1
0.100000000000000000000000000000000000000000000000000000000000000000000000000000000000000000000000000000000000000000000000000000000	0	0	1
0.66666666666666666666666666666666666666666666666666666666666666666666666666666666666666666666666666666666666666666666666666666667e-1	0	0	1
0.28571428571428571428571428571428571428571428571428571428571428571428571428571428571428571428571428571428571428571428571428571429	0	0	1
0.11904761904761904761904761904761904761904761904761904761904761904761904761904761904761904761904761904761904761904761904761904762	0	0	1
0.95238095238095238095238095238095238095238095238095238095238095238095238095238095238095238095238095238095238095238095238095238095e-1	0	0	1
0.23333333333333333333333333333333333333333333333333333333333333333333333333333333333333333333333333333333333333333333333333333333	0	0	1
0.12727272727272727272727272727272727272727272727272727272727272727272727272727272727272727272727272727272727272727272727272727273	0	0	1
0.10909090909090909090909090909090909090909090909090909090909090909090909090909090909090909090909090909090909090909090909090909091	0	0	1
0.20979020979020979020979020979020979020979020979020979020979020979020979020979020979020979020979020979020979020979020979020979021	0	0	1
0.13186813186813186813186813186813186813186813186813186813186813186813186813186813186813186813186813186813186813186813186813186813	0	0	1
0.11721611721611721611721611721611721611721611721611721611721611721611721611721611721611721611721611721611721611721611721611721612	0	0	1
0.19642857142857142857142857142857142857142857142857142857142857142857142857142857142857142857142857142857142857142857142857142857	0	0	1
0.13480392156862745098039215686274509803921568627450980392156862745098039215686274509803921568627450980392156862745098039215686275	0	0	1
0.12254901960784313725490196078431372549019607843137254901960784313725490196078431372549019607843137254901960784313725490196078431	0	0	1
0.18782249742002063983488132094943240454076367389060887512899896800825593395252837977296181630546955624355005159958720330237358101	0	0	1
0.13684210526315789473684210526315789473684210526315789473684210526315789473684210526315789473684210526315789473684210526315789474	0	0	1
0.12631578947368421052631578947368421052631578947368421052631578947368421052631578947368421052631578947368421052631578947368421053	0	0	1
0.18181818181818181818181818181818181818181818181818181818181818181818181818181818181818181818181818181818181818181818181818181818	0	0	1
0.13833992094861660079051383399209486166007905138339920948616600790513833992094861660079051383399209486166007905138339920948616601	0	0	1
0.12911725955204216073781291172595520421607378129117259552042160737812911725955204216073781291172595520421607378129117259552042161	0	0	1
0.17739130434782608695652173913043478260869565217391304347826086956521739130434782608695652173913043478260869565217391304347826087	0	0	1
0.13948717948717948717948717948717948717948717948717948717948717948717948717948717948717948717948717948717948717948717948717948718	0	0	1
0.13128205128205128205128205128205128205128205128205128205128205128205128205128205128205128205128205128205128205128205128205128205	0	0	1
0.17399267399267399267399267399267399267399267399267399267399267399267399267399267399267399267399267399267399267399267399267399267	0	0	1
0.1403940886699507389162561576354679802955665024630541871921182266009852216748768472906403940886699507389162561576354679802955665	0	0	1
0.13300492610837438423645320197044334975369458128078817733990147783251231527093596059113300492610837438423645320197044334975369458	0	0	1
0.17130144605116796440489432703003337041156840934371523915461624026696329254727474972191323692992213570634037819799777530589543938	0	0	1
0.14112903225806451612903225806451612903225806451612903225806451612903225806451612903225806451612903225806451612903225806451612903	0	0	1
0.1344086021505376344086021505376344086021505376344086021505376344086021505376344086021505376344086021505376344086021505376344086	0	0	1
0.16911764705882352941176470588235294117647058823529411764705882352941176470588235294117647058823529411764705882352941176470588235	0	0	1
0.1417366946778711484593837535014005602240896358543417366946778711484593837535014005602240896358543417366946778711484593837535014	0	0	1
0.13557422969187675070028011204481792717086834733893557422969187675070028011204481792717086834733893557422969187675070028011204482	0	0	1
0.16731016731016731016731016731016731016731016731016731016731016731016731016731016731016731016731016731016731016731016731016731017	0	0	1
0.14224751066856330014224751066856330014224751066856330014224751066856330014224751066856330014224751066856330014224751066856330014	0	0	1
0.13655761024182076813655761024182076813655761024182076813655761024182076813655761024182076813655761024182076813655761024182076814	0	0	1
0.16578947368421052631578947368421052631578947368421052631578947368421052631578947368421052631578947368421052631578947368421052632	0	0	1
0.14268292682926829268292682926829268292682926829268292682926829268292682926829268292682926829268292682926829268292682926829268293	0	0	1
0.13739837398373983739837398373983739837398373983739837398373983739837398373983739837398373983739837398373983739837398373983739837	0	0	1
0.16449234259784458309699376063528077141236528644356211003970504821327283040272263187748156551332955190017016449234259784458309699	0	0	1
0.14305849189570119802677942212825933756166314305849189570119802677942212825933756166314305849189570119802677942212825933756166314	0	0	1
0.13812544045102184637068357998590556730091613812544045102184637068357998590556730091613812544045102184637068357998590556730091614	0	0	1
0.16337285902503293807641633728590250329380764163372859025032938076416337285902503293807641633728590250329380764163372859025032938	0	0	1
0.14338575393154486586493987049028677150786308973172987974098057354301572617946345975948196114708603145235892691951896392229417206	0	0	1
0.13876040703052728954671600370027752081406105457909343200740055504162812210915818686401480111008325624421831637372802960222016651	0	0	1
0.16239687364307425097698653929656969170646982197134172818063395570994355188884064264003473729917498914459400781589231437255753365	0	0	1
0.14367346938775510204081632653061224489795918367346938775510204081632653061224489795918367346938775510204081632653061224489795918	0	0	1
0.1393197278911564625850340136054421768707482993197278911564625850340136054421768707482993197278911564625850340136054421768707483	0	0	1
0.16153846153846153846153846153846153846153846153846153846153846153846153846153846153846153846153846153846153846153846153846153846	0	0	1
0.14392839864537977745524915336236090953072085147556845670053217223028543783260764392839864537977745524915336236090953072085147557	0	0	1
0.13981615868408321238509917755200774068698597000483792936623125302370585389453313981615868408321238509917755200774068698597000484	0	0	1
0.16077758719268153230417381360777587192681532304173813607775871926815323041738136077758719268153230417381360777587192681532304174	0	0	1
0.14415584415584415584415584415584415584415584415584415584415584415584415584415584415584415584415584415584415584415584415584415584	0	0	1
0.14025974025974025974025974025974025974025974025974025974025974025974025974025974025974025974025974025974025974025974025974025974	0	0	1
0.16009852216748768472906403940886699507389162561576354679802955665024630541871921182266009852216748768472906403940886699507389163	0	0	1
0.14436002337814143775569842197545295149035651665692577440093512565751022793687901811805961426066627703097603740502630040911747516	0	0	1
0.14065848431716345217221897525813364504188583674264562633937268653808688875901032534580167543346970582505357490746152347555036041	0	0	1
0.15948874687413170325090302861906085023617671575437621561544873575993331480966935259794387329813837176993609335926646290636287858	0	0	1
0.14454433280451260356072624713555438039837828309536400493566014454433280451260356072624713555438039837828309536400493566014454433	0	0	1
0.14101886127269522298607438744932134673012515423937951701040014101886127269522298607438744932134673012515423937951701040014101886	0	0	1
0.15893817204301075268817204301075268817204301075268817204301075268817204301075268817204301075268817204301075268817204301075268817	0	0	1
0.14471153846153846153846153846153846153846153846153846153846153846153846153846153846153846153846153846153846153846153846153846154	0	0	1
0.14134615384615384615384615384615384615384615384615384615384615384615384615384615384615384615384615384615384615384615384615384615	0	0	1
0.1584385763490241102181400688863375430539609644087256027554535017221584385763490241102181400688863375430539609644087256027554535	0	0	1
0.14486391571553994732221246707638279192273924495171202809482001755926251097453906935908691834942932396839332748024582967515364355	0	0	1
0.14164471758852794849282996780801872988001170617500731635937957272461223295288264559555165349721978343576236464735147790459467369	0	0	1
0.15798319327731092436974789915966386554621848739495798319327731092436974789915966386554621848739495798319327731092436974789915966	0	0	1
0.14500335345405767940979208584842387659289067739771965124077800134138162307176391683433936955063715627095908786049631120053655265	0	0	1
0.14191817572099262240107310529845741113346747149564050972501676727028839704896042924211938296445338698859825620389000670690811536	0	0	1
0.15756640298411473406649945334105087143867772847128432696636439642420734452376358608270628336227410122837481510064955945719981992	0	0	1
0.14513143280266567937800814513143280266567937800814513143280266567937800814513143280266567937800814513143280266567937800814513143	0	0	1
0.14216956682710107367641614216956682710107367641614216956682710107367641614216956682710107367641614216956682710107367641614216957	0	0	1
0.15718349928876244665718349928876244665718349928876244665718349928876244665718349928876244665718349928876244665718349928876244666	0	0	1
0.14524948735475051264524948735475051264524948735475051264524948735475051264524948735475051264524948735475051264524948735475051265	0	0	1
0.14240145819093187514240145819093187514240145819093187514240145819093187514240145819093187514240145819093187514240145819093187514	0	0	1
0.15683051126089100772645076442544796975176722012165050139733684037481505835936215683051126089100772645076442544796975176722012165	0	0	1
0.14535864978902953586497890295358649789029535864978902953586497890295358649789029535864978902953586497890295358649789029535864979	0	0	1
0.14261603375527426160337552742616033755274261603375527426160337552742616033755274261603375527426160337552742616033755274261603376	0	0	1
0.15650406504065040650406504065040650406504065040650406504065040650406504065040650406504065040650406504065040650406504065040650407	0	0	1
0.14545988833382309726711724948574786952688803996473699676755803702615339406406112253893623273582133411695562738759917719659124302	0	0	1
0.14281516309138995004407875404055245371730825741992359682632970908022333235380546576550102850426094622392007052600646488392594769	0	0	1
0.1562012756909992912827781715095676824946846208362863217576187101346562721474131821403260099220411055988660524450744153082919915	0	0	1
0.14555403556771545827633378932968536251709986320109439124487004103967168262653898768809849521203830369357045143638850889192886457	0	0	1
0.1430004559963520291837665298677610579115367077063383492932056543547651618787049703602371181030551755585955312357501139990880073	0	0	1
0.15591966173361522198731501057082452431289640591966173361522198731501057082452431289640591966173361522198731501057082452431289641	0	0	1
0.14564181137214845080013619339462036091249574395641811372148450800136193394620360912495743956418113721484508001361933946203609125	0	0	1
0.14317330609465440926115083418454204971058903643173306094654409261150834184542049710589036431733060946544092611508341845420497106	0	0	1
0.15565707700539161213318516689303206157138741408404329752644359385932419640284808824134666831296044779190846606576943655595340989	0	0	1
0.14572384137601528905876731963688485427615862398471094123268036311514572384137601528905876731963688485427615862398471094123268036	0	0	1
0.14333492594362159579550883898709985666507405637840420449116101290014333492594362159579550883898709985666507405637840420449116101	0	0	1
0.15541165587419056429232192414431082331174838112858464384828862164662349676225716928769657724329324699352451433857539315448658649	0	0	1
0.14580067189249720044792833146696528555431131019036954087346024636058230683090705487122060470324748040313549832026875699888017917	0	0	1
0.14348637551325121313923105636431504292646509891750653228816722657708100037327360955580440462859275849197461739455020530048525569	0	0	1
0.15518176885512750949538795442213781877373846988605534454693434617471513836136733586543678784590341833966359196961475854584915898	0	0	1
0.14587278210253173434322182481239918647871519741917385510905393085069079178062977768426958412230871730135353110316291465039624097	0	0	1
0.14362858545480047689178764289220842976365804053580194964583771652991093344554316571989620590504242934287116908619117750192860649	0	0	1
0.15496598639455782312925170068027210884353741496598639455782312925170068027210884353741496598639455782312925170068027210884353741	0	0	1
0.14594059405940594059405940594059405940594059405940594059405940594059405940594059405940594059405940594059405940594059405940594059	0	0	1
