2
96
(-0.99962661329806212773263496274012140929698944091796875,0)	(-0.99962661329806212773263496274012140929698944091796875,0)
(-0.99850709090879641305349423419102095067501068115234375,0)	(-0.99850709090879641305349423419102095067501068115234375,0)
(-0.9966433446954392483263518442981876432895660400390625,0)	(-0.9966433446954392483263518442981876432895660400390625,0)
(-0.9940385568109115776991302482201717793941497802734375,0)	(-0.9940385568109115776991302482201717793941497802734375,0)
(-0.990697173276904319294544620788656175136566162109375,0)	(-0.990697173276904319294544620788656175136566162109375,0)
(-0.98662489501007566428114614609512500464916229248046875,0)	(-0.98662489501007566428114614609512500464916229248046875,0)
(-0.98182866631094956044734090028214268386363983154296875,0)	(-0.98182866631094956044734090028214268386363983154296875,0)
(-0.976316660835323535394536520470865070819854736328125,0)	(-0.976316660835323535394536520470865070819854736328125,0)
(-0.97009826507255370042770437066792510449886322021484375,0)	(-0.97009826507255370042770437066792510449886322021484375,0)
(-0.963184059359265543065475867479108273983001708984375,0)	(-0.963184059359265543065475867479108273983001708984375,0)
(-0.9555857964614971056249714820296503603458404541015625,0)	(-0.9555857964614971056249714820296503603458404541015625,0)
(-0.94731637776249755233948235400021076202392578125,0)	(-0.94731637776249755233948235400021076202392578125,0)
(-0.93838982709767482237595004335162229835987091064453125,0)	(-0.93838982709767482237595004335162229835987091064453125,0)
(-0.9288212622825315900598752705263905227184295654296875,0)	(-0.9288212622825315900598752705263905227184295654296875,0)
(-0.91862686438379415054811261143186129629611968994140625,0)	(-0.91862686438379415054811261143186129629611968994140625,0)
(-0.90782384478894029289364198120892979204654693603515625,0)	(-0.90782384478894029289364198120892979204654693603515625,0)
(-0.89643041013628088631293167054536752402782440185546875,0)	(-0.89643041013628088631293167054536752402782440185546875,0)
(-0.88446572518222144054789168876595795154571533203125,0)	(-0.88446572518222144054789168876595795154571533203125,0)
(-0.87194987372919208201693663795595057308673858642578125,0)	(-0.87194987372919208201693663795595057308673858642578125,0)
(-0.85890381796138004499852058870601467788219451904296875,0)	(-0.85890381796138004499852058870601467788219451904296875,0)
(-0.84534935852878378970132189351716078817844390869140625,0)	(-0.84534935852878378970132189351716078817844390869140625,0)
(-0.8313089890686027327859619617811404168605804443359375,0)	(-0.8313089890686027327859619617811404168605804443359375,0)
(-0.81680631443932949498076823147130198776721954345703125,0)	(-0.81680631443932949498076823147130198776721954345703125,0)
(-0.80186531064255139877872124998248182237148284912109375,0)	(-0.80186531064255139877872124998248182237148284912109375,0)
(-0.78650984933210399407954582784441299736499786376953125,0)	(-0.78650984933210399407954582784441299736499786376953125,0)
(-0.7707651401312325400994041046942584216594696044921875,0)	(-0.7707651401312325400994041046942584216594696044921875,0)
(-0.754659443945734142999981486354954540729522705078125,0)	(-0.754659443945734142999981486354954540729522705078125,0)
(-0.73823127610615679738970129619701765477657318115234375,0)	(-0.73823127610615679738970129619701765477657318115234375,0)
(-0.704477147333279152263685318757779896259307861328125,0)	(-0.704477147333279152263685318757779896259307861328125,0)
(-0.65189800794719821031009132639155723154544830322265625,0)	(-0.65189800794719821031009132639155723154544830322265625,0)
(-0.66964194262167353599579655565321445465087890625,0)	(-0.66964194262167353599579655565321445465087890625,0)
(-0.68710126083700318044833466046839021146297454833984375,0)	(-0.68710126083700318044833466046839021146297454833984375,0)
(-0.721429288375042165881723121856339275836944580078125,0)	(-0.721429288375042165881723121856339275836944580078125,0)
(-0.63401712352419625773336520069278776645660400390625,0)	(-0.63401712352419625773336520069278776645660400390625,0)
(-0.61598332598863747566753090723068453371524810791015625,0)	(-0.61598332598863747566753090723068453371524810791015625,0)
(-0.5795943452933520756431562404031865298748016357421875,0)	(-0.5795943452933520756431562404031865298748016357421875,0)
(-0.5613171916232746472275039195665158331394195556640625,0)	(-0.5613171916232746472275039195665158331394195556640625,0)
(-0.5063211788560970649797354781185276806354522705078125,0)	(-0.5063211788560970649797354781185276806354522705078125,0)
(-0.59783918675251668251036107903928495943546295166015625,0)	(-0.59783918675251668251036107903928495943546295166015625,0)
(-0.4881320856291251342184978057048283517360687255859375,0)	(-0.4881320856291251342184978057048283517360687255859375,0)
(-0.43389138399912374755018618088797666132450103759765625,0)	(-0.43389138399912374755018618088797666132450103759765625,0)
(-0.5429730934997796243379752922919578850269317626953125,0)	(-0.5429730934997796243379752922919578850269317626953125,0)
(-0.5246689796349512935336178998113609850406646728515625,0)	(-0.5246689796349512935336178998113609850406646728515625,0)
(-0.416137865113295479790878061976400204002857208251953125,0)	(-0.416137865113295479790878061976400204002857208251953125,0)
(-0.31384096715029030644217300505260936915874481201171875,0)	(-0.31384096715029030644217300505260936915874481201171875,0)
(-0.469894891752376142601832498257863335311412811279296875,0)	(-0.469894891752376142601832498257863335311412811279296875,0)
(-0.451854491503071054037121712099178694188594818115234375,0)	(-0.451854491503071054037121712099178694188594818115234375,0)
(-0.38113948769086747336842790900846011936664581298828125,0)	(-0.38113948769086747336842790900846011936664581298828125,0)
(-0.3984815301536148712813201200333423912525177001953125,0)	(-0.3984815301536148712813201200333423912525177001953125,0)
(-0.3470430634822403437311777452123351395130157470703125,0)	(-0.3470430634822403437311777452123351395130157470703125,0)
(-0.33037050644796528420243930668220855295658111572265625,0)	(-0.33037050644796528420243930668220855295658111572265625,0)
(-0.3638454969875670741430440102703869342803955078125,0)	(-0.3638454969875670741430440102703869342803955078125,0)
(-0.282132088123465962770097803513635881245136260986328125,0)	(-0.282132088123465962770097803513635881245136260986328125,0)
(-0.238111498345893235484282968172919936478137969970703125,0)	(-0.238111498345893235484282968172919936478137969970703125,0)
(-0.297962372598609082086085209084558300673961639404296875,0)	(-0.297962372598609082086085209084558300673961639404296875,0)
(-0.267058553254171382462800465873442590236663818359375,0)	(-0.267058553254171382462800465873442590236663818359375,0)
(-0.251008039107480651619397349350037984549999237060546875,0)	(-0.251008039107480651619397349350037984549999237060546875,0)
(-0.20944370769586539982043404961586929857730865478515625,0)	(-0.20944370769586539982043404961586929857730865478515625,0)
(-0.1826759145235656578432070773487794212996959686279296875,0)	(-0.1826759145235656578432070773487794212996959686279296875,0)
(-0.195539902248720809385673646829673089087009429931640625,0)	(-0.195539902248720809385673646829673089087009429931640625,0)
(-0.2221273032048119155934529089790885336697101593017578125,0)	(-0.2221273032048119155934529089790885336697101593017578125,0)
(-0.1701279946048549207571198849109350703656673431396484375,0)	(-0.1701279946048549207571198849109350703656673431396484375,0)
(-0.15804217317727575764507719213725067675113677978515625,0)	(-0.15804217317727575764507719213725067675113677978515625,0)
(-0.1464156127133098006520839362565311603248119354248046875,0)	(-0.1464156127133098006520839362565311603248119354248046875,0)
(-0.135248647567770385879981631660484708845615386962890625,0)	(-0.135248647567770385879981631660484708845615386962890625,0)
(-0.12454825298486897622307623123560915701091289520263671875,0)	(-0.12454825298486897622307623123560915701091289520263671875,0)
(-0.11433705478914570063952993450584472157061100006103515625,0)	(-0.11433705478914570063952993450584472157061100006103515625,0)
(-0.10466919509673699995033757659257389605045318603515625,0)	(-0.10466919509673699995033757659257389605045318603515625,0)
(-0.03581448454402035019850103481076075695455074310302734375,0)	(-0.03581448454402035019850103481076075695455074310302734375,0)
(0.018723009051457129015005875771748833358287811279296875,0)	(0.018723009051457129015005875771748833358287811279296875,0)
(0.018723009051457129015005875771748833358287811279296875,0)	(0.018723009051457129015005875771748833358287811279296875,0)
(0.0091761412125655923699429905582292121835052967071533203125,0)	(0.0091761412125655923699429905582292121835052967071533203125,0)
(0.0091761412125655923699429905582292121835052967071533203125,0)	(0.0091761412125655923699429905582292121835052967071533203125,0)
(0.019393540416392178460380790738781797699630260467529296875,0)	(0.019393540416392178460380790738781797699630260467529296875,0)
(-0.007551891501813480338245465617319496232084929943084716796875,0)	(-0.007551891501813480338245465617319496232084929943084716796875,0)
(0.0037738893882699815936210274713857870665378868579864501953125,0)	(0.0037738893882699815936210274713857870665378868579864501953125,0)
(-0.0189648327495648243157244650092252413742244243621826171875,0)	(-0.0189648327495648243157244650092252413742244243621826171875,0)
(-0.08730001017825490816637312718739849515259265899658203125,0)	(-0.08730001017825490816637312718739849515259265899658203125,0)
(-0.056814756868366324271679701496395864523947238922119140625,0)	(-0.056814756868366324271679701496395864523947238922119140625,0)
(-0.07844036122805896071863429597215144895017147064208984375,0)	(-0.07844036122805896071863429597215144895017147064208984375,0)
(-0.0095211649417679226903299394280111300759017467498779296875,0)	(-0.0095211649417679226903299394280111300759017467498779296875,0)
(-0.0095211649417679226903299394280111300759017467498779296875,0)	(-0.0095211649417679226903299394280111300759017467498779296875,0)
(-0.0954457228982893701729750546292052604258060455322265625,0)	(-0.0954457228982893701729750546292052604258060455322265625,0)
(-0.01978012499436153370790947292334749363362789154052734375,0)	(-0.01978012499436153370790947292334749363362789154052734375,0)
(-0.033733256498150794577828293085985933430492877960205078125,0)	(-0.033733256498150794577828293085985933430492877960205078125,0)
(-0.04084814330407234017616957544305478222668170928955078125,0)	(-0.04084814330407234017616957544305478222668170928955078125,0)
(-0.008371314103481471147194525883605820126831531524658203125,0)	(-0.008371314103481471147194525883605820126831531524658203125,0)
(-0.07168006367778294307679942676259088329970836639404296875,0)	(-0.07168006367778294307679942676259088329970836639404296875,0)
(-0.01154127207943913581422723524383400217629969120025634765625,0)	(-0.01154127207943913581422723524383400217629969120025634765625,0)
(-0.00484920640053508079925226326167830848135054111480712890625,0)	(-0.00484920640053508079925226326167830848135054111480712890625,0)
(-0.03389508860878333307287135767182917334139347076416015625,0)	(-0.03389508860878333307287135767182917334139347076416015625,0)
(-0.03389508860878333307287135767182917334139347076416015625,0)	(-0.03389508860878333307287135767182917334139347076416015625,0)
(-0.06337942598962072182633420425190706737339496612548828125,0)	(-0.06337942598962072182633420425190706737339496612548828125,0)
(-0.059060890890679666742624220887591945938766002655029296875,0)	(-0.059060890890679666742624220887591945938766002655029296875,0)
(-0.059060890890679666742624220887591945938766002655029296875,0)	(-0.059060890890679666742624220887591945938766002655029296875,0)
(-0.005998996295641885467819776067699422128498554229736328125,0)	(-0.005998996295641885467819776067699422128498554229736328125,0)
0.000010373724044441634366264803901458435575477778911590576171875	0.000108438784425197399185168689594860325087211094796657562255859375
0.000135232571825457206261822395987337586120702326297760009765625	0.0003362275695983383085908846599210164640680886805057525634765625
0.0003229166514787937323875677275708540037157945334911346435546875	0.000729675410794256300468785259027981737744994461536407470703125
0.00055842753879854572195140516299716182402335107326507568359375	0.00129497509021443452277566610320036488701589405536651611328125
0.000839832932357034885051394468291618977673351764678955078125	0.0020228779506888000007391870127548827440477907657623291015625
0.00117835014277079853928231756299283006228506565093994140625	0.00288826311561607602940160433035998721607029438018798828125
0.0015883070111180120666249937499969746568240225315093994140625	0.0038593248024699489118205519844195805490016937255859375
0.002074647520444633345959584147522036801092326641082763671875	0.0049096789395556561519384786151931621134281158447265625
0.0026274130029157673378581439038725875434465706348419189453125	0.006024702075101450067518005226929744821973145008087158203125
0.003227271642508252637304710930266082868911325931549072265625	0.007197834346481908444903563548677993821911513805389404296875
0.0038578078741993058163595176068838554783724248409271240234375	0.0084200372480167130773143213673392892815172672271728515625
0.0045152526097821145401045583867016830481588840484619140625	0.0096705498100299429331538902943066204898059368133544921875
0.005208374322420637921038366613402104121632874011993408203125	0.01091595153994460130897348193457219167612493038177490234375
0.005948728633333406901062545557579142041504383087158203125	0.01211829974614318967962578454944377881474792957305908203125
0.00673869331212771649486370506565435789525508880615234375	0.01324647186930324495313104904425927088595926761627197265625
0.007566291029265021124416978892668339540250599384307861328125	0.01428267768296395852367641765567896072752773761749267578125
0.0084106375054311156846953423382728942669928073883056640625	0.0152198558635513354897472737548014265485107898712158203125
0.00925390319574613366693238702964663389138877391815185546875	0.0160524060215596862943865374973029247485101222991943359375
0.01009088930605022381425950328548424295149743556976318359375	0.0167674250553079655368104994295208598487079143524169921875
0.01092917939808298911918971185741611407138407230377197265625	0.017342967088675755038540415853276499547064304351806640625
0.01177984473125502640211692551019950769841670989990234375	0.0177545139719589573079616684481152333319187164306640625
0.01264561490011777145081595108422334305942058563232421875	0.0179848798640367298073972079919258248992264270782470703125
0.01351515405771647714006089557869927375577390193939208984375	0.0180304932980144098919605966102608363144099712371826171875
0.01436766729685862685472752531268270104192197322845458984375	0.0178999075866892176644995515744085423648357391357421875
0.0151843910624394305697304474733755341731011867523193359375	0.017606013028300303291384665271834819577634334564208984375
0.015958612691832595176233411393695860169827938079833984375	0.0171578756172660155943088255980910616926848888397216796875
0.016697152249862602657604071509922505356371402740478515625	0.0165580006548473428196199819240064243786036968231201171875
0.017412045508549668648701214124230318702757358551025390625	0.0158068912326991793670938335480968817137181758880615234375
0.018784418150417814263875015967641957104206085205078125	0.01387987308737036705463818719863411388359963893890380859375
0.0204897435220899697128071892393563757650554180145263671875	0.0102655041633008779766722540216505876742303371429443359375
0.0199889131889642822359487439598524360917508602142333984375	0.0115290324620590002580033939239001483656466007232666015625
0.0194200334164828063154839554727004724554717540740966796875	0.01273775673293992168055854818931038607843220233917236328125
0.0181128621725896825356283414976132917217910289764404296875	0.01490529152885682225015973045856298995204269886016845703125
0.020924238016773878678922216067803674377501010894775390625	0.0089769566445431249468445145112127647735178470611572265625
0.021308303292236131787351638422478572465479373931884765625	0.007677676461923801758124863425791772897355258464813232421875
0.0219634768315221141909976410033777938224375247955322265625	0.00512700980079482983298166942631723941303789615631103515625
0.02222278402094378380038364184656529687345027923583984375	0.003928214011295459544281793995423868182115256786346435546875
0.0225534686039572974947109429422198445536196231842041015625	0.00095101728843132783165759125409977059462107717990875244140625
0.02165428394624578645188961445455788634717464447021484375	0.0063870552817847266180439902427679044194519519805908203125
0.022515744324251574237649720089393667876720428466796875	0.00023480829164017111136165960605381997083895839750766754150390625
0.0221530482213569170080180725790341966785490512847900390625	-0.000904291020568586648327447097273079634760506451129913330078125
0.02241440768170967212657984646284603513777256011962890625	0.0028155104159476433169084774732482401304878294467926025390625
0.0225243248129379132482785763613719609566032886505126953125	0.0018186775848625410904879640128228857065550982952117919921875
0.0219483661799794761704252010758864344097673892974853515625	-0.0009009947274410449145898294176504350616596639156341552734375
0.0194161564123115741586911298099948908202350139617919921875	0.00306762415465112493750954314464252092875540256500244140625
0.0224297926203837205694213707829476334154605865478515625	-0.0003255863408097696702798995449512631239485926926136016845703125
0.022309412968198334692448980831613880582153797149658203125	-0.000708777169303760417283510886221620239666663110256195068359375
0.02133039034081829488087578283739276230335235595703125	-0.0002987381531922970079491463923915262057562358677387237548828125
0.021676390022284296177357276746988645754754543304443359375	-0.000696174369471074211239425277852888029883615672588348388671875
0.0204398157551691529720816475901301600970327854156494140625	0.0010389749009409505499379466897380552836693823337554931640625
0.0199368594128988864400131575393970706500113010406494140625	0.0019642191024373980949568885279177266056649386882781982421875
0.0209086671522933191524895590873711626045405864715576171875	0.000288088288591508041858180177996473503299057483673095703125
0.01834858683687033698017643246203078888356685638427734375	0.0057230955581082966487915797415553242899477481842041015625
0.01648817043602289478254618870778358541429042816162109375	0.0103635515157228276506007347279592067934572696685791015625
0.018897051116108030954787722066612332127988338470458984375	0.00430948976081058955645008978763144114054739475250244140625
0.01777770404895832878633399332102271728217601776123046875	0.007215765922699215496882718667848166660405695438385009765625
0.0170967434878789743823990221471831318922340869903564453125	0.008927789460059933068780679832343594171106815338134765625
0.01497723532450558926731876141502652899362146854400634765625	0.0136356147342628873653236354357431991957128047943115234375
0.01350479471892725158443937516494770534336566925048828125	0.016757752212887576381827869909102446399629116058349609375
0.01420952368125171123847128029638042789883911609649658203125	0.01524461135525913800525810160024775541387498378753662109375
0.015665906909750983155849013428451144136488437652587890625	0.01218040701826888540237892044615364284254610538482666015625
0.01282766947103064492097246329649351537227630615234375	0.01826638933246804707977162252063862979412078857421875
0.01217498156908199298531503274034548667259514331817626953125	0.0197428193778709550054717425382477813400328159332275390625
0.01152436424150058390247775008674580021761357784271240234375	0.021149282001324466728764406298068934120237827301025390625
0.01085080481535735837106404488849875633604824542999267578125	0.0224206090007001875019643222231024992652237415313720703125
0.01013549702277051663135143400040760752744972705841064453125	0.0234743949522191221179756581705078133381903171539306640625
0.009372973505608429845015194814550341106951236724853515625	0.0242284548668678205440851769481014343909919261932373046875
0.00857522306216529188460651056402639369480311870574951171875	0.0246221379669143598800662431358432513661682605743408203125
0.002722815147963867678237992464573835604824125766754150390625	0.016087466731398651631490537283752928487956523895263671875
0.0003213168535871743975752823363478682949789799749851226806640625	0.003000908434315220120469636100324350991286337375640869140625
0.0003213168535871743975752823363478682949789799749851226806640625	0.003000908434315220120469636100324350991286337375640869140625
0.0003610749131213063429536591630863995305844582617282867431640625	0.003372149542875520211726581010225345380604267120361328125
0.000361074913121306288743550538811177830211818218231201171875	0.003372149542875520211726581010225345380604267120361328125
0.0004092417077753488755149924305243303024326451122760772705078125	0.0041053786314810547519726924292626790702342987060546875
0.001401408717054144180413910447668968117795884609222412109375	0.01031118370698376300598209098779989290051162242889404296875
0.0009987637795563337160531514058448010473512113094329833984375	0.008060301355484224272718307702234596945345401763916015625
0.0018637431759539013591264744462705493788234889507293701171875	0.01258323511515937846716450820849786396138370037078857421875
0.006992565831611186229210819220725170453079044818878173828125	0.0243100517727417135549483617751320707611739635467529296875
0.004206519856059497304567873499081542831845581531524658203125	0.0203657296559040419670072452618114766664803028106689453125
0.00615054505594874421914308726400122395716607570648193359375	0.0235858740931969047827099217329305247403681278228759765625
0.00067998791013685407243205549576714474824257194995880126953125	0.004974797503847273351385016582071330049075186252593994140625
0.00067998791013685407243205549576714474824257194995880126953125	0.004974797503847273351385016582071330049075186252593994140625
0.00775330387135782402030503845935527351684868335723876953125	0.0246341110941440018244907861344472621567547321319580078125
0.00189983468975124460305370366342003762838430702686309814453125	0.0127486304581188418516557447901504929177463054656982421875
0.002602200159873327943438336973258628859184682369232177734375	0.0156475676552096688853854544731802889145910739898681640625
0.00303383894457905957386945061671212897635996341705322265625	0.01715055176058917496551003978311200626194477081298828125
0.00143230161927521376478977810364767719875089824199676513671875	0.01047236550748235038577060862508005811832845211029052734375
0.00551495998547304154546733201414099312387406826019287109375	0.0227813886336502464946551782531969365663826465606689453125
0.0015548283999344152984944944506651154370047152042388916015625	0.0110978027122141699456481234165039495564997196197509765625
0.001301551654312001031488232882793454336933791637420654296875	0.0097800246813003442747369575727134360931813716888427734375
0.00106863643506587197885837614563797615119256079196929931640625	0.00745810059524921499518601564204800524748861789703369140625
0.00106863643506587197885837614563797615119256079196929931640625	0.00745810059524921499518601564204800524748861789703369140625
0.00476395019338504699391023677890188992023468017578125	0.0215279892100635160401278511699274531565606594085693359375
0.003347892703372366308978147486641319119371473789215087890625	0.0164521717570537719110834729008274734951555728912353515625
0.003347892703372366308978147486641319119371473789215087890625	0.0164521717570537719110834729008274734951555728912353515625
0.00134366584163170504732931487268388082156889140605926513671875	0.010005982835913147799278277716439333744347095489501953125
