2
100
(-0.99983578469491740658980916123255,0)	(-0.99983578469491740658980916123255,0)
(-0.99852252996340062907165702199563,0)	(-0.99852252996340062907165702199563,0)
(-0.99589851430888443051259173444123,0)	(-0.99589851430888443051259173444123,0)
(-0.99196872228014743022583843412576,0)	(-0.99196872228014743022583843412576,0)
(-0.98674062305303122943911375841708,0)	(-0.98674062305303122943911375841708,0)
(-0.98022416131920431237034563309862,0)	(-0.98022416131920431237034563309862,0)
(-0.97243174524830588989487978324178,0)	(-0.97243174524830588989487978324178,0)
(-0.96337823162028368706444325653138,0)	(-0.96337823162028368706444325653138,0)
(-0.95308090825212499197505167103373,0)	(-0.95308090825212499197505167103373,0)
(-0.94155947387220095823323617878486,0)	(-0.94155947387220095823323617878486,0)
(-0.92883601562769613213532693407615,0)	(-0.92883601562769613213532693407615,0)
(-0.91493498444577192607596316520358,0)	(-0.91493498444577192607596316520358,0)
(-0.89988316850891392206790442287456,0)	(-0.89988316850891392206790442287456,0)
(-0.8837096651497239330197430717817,0)	(-0.8837096651497239330197430717817,0)
(-0.86644585152189468324479548755335,0)	(-0.86644585152189468324479548755335,0)
(-0.84812535446345294065650932680001,0)	(-0.84812535446345294065650932680001,0)
(-0.82878402003782880580473602094571,0)	(-0.82878402003782880580473602094571,0)
(-0.808459883319861960515595455945,0)	(-0.808459883319861960515595455945,0)
(-0.78719313909092480940898894914426,0)	(-0.78719313909092480940898894914426,0)
(-0.76502611422335042856701647906448,0)	(-0.76502611422335042856701647906448,0)
(-0.74200324267443173997804706232273,0)	(-0.74200324267443173997804706232273,0)
(-0.71817104418035837554157296835911,0)	(-0.71817104418035837554157296835911,0)
(-0.69357810794913643537284997364623,0)	(-0.69357810794913643537284997364623,0)
(-0.66827508290860693218604637877434,0)	(-0.66827508290860693218604637877434,0)
(-0.64231467638580908019463322489173,0)	(-0.64231467638580908019463322489173,0)
(-0.61575166349501608831218391060247,0)	(-0.61575166349501608831218391060247,0)
(-0.58864291001857360630111770660733,0)	(-0.58864291001857360630111770660733,0)
(-0.5610474122108821681820245430572,0)	(-0.5610474122108821681820245430572,0)
(-0.53302635778680695910480835664202,0)	(-0.53302635778680695910480835664202,0)
(-0.5046432134350504750130994580104,0)	(-0.5046432134350504750130994580104,0)
(-0.47596384561325005835286106048443,0)	(-0.47596384561325005835286106048443,0)
(-0.44705668326156611236399385234108,0)	(-0.44705668326156611236399385234108,0)
(-0.4179929335941051093961107198993,0)	(-0.4179929335941051093961107198993,0)
(0.99935173965571022502984988022945,0)	(0.99935173965571022502984988022945,0)
(0.99741378407245273596259949044907,0)	(0.99741378407245273596259949044907,0)
(0.98387621859605634000445206766017,0)	(0.98387621859605634000445206766017,0)
(0.99417876692233864144299104737001,0)	(0.99417876692233864144299104737001,0)
(-0.38884686557477071700006376886449,0)	(-0.38884686557477071700006376886449,0)
(0.98966654707365941945340637175832,0)	(0.98966654707365941945340637175832,0)
(0.96851522786398958064779662890942,0)	(0.96851522786398958064779662890942,0)
(0.95897410205637401148237586312462,0)	(0.95897410205637401148237586312462,0)
(0.97682078295384122679223537488724,0)	(0.97682078295384122679223537488724,0)
(0.9362587767122394488694681058405,0)	(0.9362587767122394488694681058405,0)
(0.94821466951794763922123365773587,0)	(0.94821466951794763922123365773587,0)
(-0.35969618042228934662318806658732,0)	(-0.35969618042228934662318806658732,0)
(0.92312798629848069609238336852286,0)	(0.92312798629848069609238336852286,0)
(0.90884775625391889253279487093096,0)	(0.90884775625391889253279487093096,0)
(-0.33062249519097330896499897789909,0)	(-0.33062249519097330896499897789909,0)
(0.87694975615634951360277682397282,0)	(0.87694975615634951360277682397282,0)
(0.85939314587180004600952543114545,0)	(0.85939314587180004600952543114545,0)
(-0.30171197503961211250356200253009,0)	(-0.30171197503961211250356200253009,0)
(0.89344519142487610618985627297661,0)	(0.89344519142487610618985627297661,0)
(0.82123395495307027758258300309535,0)	(0.82123395495307027758258300309535,0)
(-0.27305616378567693081080847150588,0)	(-0.27305616378567693081080847150588,0)
(0.84080920863719477154063497437164,0)	(0.84080920863719477154063497437164,0)
(0.80070551552954016827357008878607,0)	(0.80070551552954016827357008878607,0)
(-0.24475308338363824245398348011804,0)	(-0.24475308338363824245398348011804,0)
(0.77926411575629117578500881791115,0)	(0.77926411575629117578500881791115,0)
(-0.21690870527085517882603937778185,0)	(-0.21690870527085517882603937778185,0)
(0.73381366509985024304540957018617,0)	(0.73381366509985024304540957018617,0)
(0.70989532647822228828005108880461,0)	(0.70989532647822228828005108880461,0)
(-0.18963894812757331465036259032786,0)	(-0.18963894812757331465036259032786,0)
(0.75695205202082727069523571117315,0)	(0.75695205202082727069523571117315,0)
(0.68524542124903964346316342926002,0)	(0.68524542124903964346316342926002,0)
(-0.16307244176674520752534647272114,0)	(-0.16307244176674520752534647272114,0)
(0.65991434279291605324857528103166,0)	(0.65991434279291605324857528103166,0)
(0.63395449726010311142232467318536,0)	(0.63395449726010311142232467318536,0)
(-0.13735444437807553530461746049696,0)	(-0.13735444437807553530461746049696,0)
(0.60742031331218193646037661892478,0)	(0.60742031331218193646037661892478,0)
(-0.11265257019310971620118522196208,0)	(-0.11265257019310971620118522196208,0)
(0.58036827424177661605142475309549,0)	(0.58036827424177661605142475309549,0)
(0.55285695655680577864643510110909,0)	(0.55285695655680577864643510110909,0)
(-0.089165512407028191255164983886061,0)	(-0.089165512407028191255164983886061,0)
(0.52494710792292453849228195394971,0)	(0.52494710792292453849228195394971,0)
(0.49670173746470019926491090700438,0)	(0.49670173746470019926491090700438,0)
(-0.067137069445777922127582826306025,0)	(-0.067137069445777922127582826306025,0)
(-0.046880469568399932289715081878967,0)	(-0.046880469568399932289715081878967,0)
(0.43946851649174628606786541240581,0)	(0.43946851649174628606786541240581,0)
(0.4681861570239427838835410966567,0)	(0.4681861570239427838835410966567,0)
(0.41061933548266138505056233043433,0)	(0.41061933548266138505056233043433,0)
(-0.028825506409486893050209133093631,0)	(-0.028825506409486893050209133093631,0)
(0.3817124127052202720022933135624,0)	(0.3817124127052202720022933135624,0)
(-0.013627808908534155829528344838764,0)	(-0.013627808908534155829528344838764,0)
(-0.0025425361805300095326132225892479,0)	(-0.0025425361805300095326132225892479,0)
(0.35282495444277273133337757826666,0)	(0.35282495444277273133337757826666,0)
(0.0026171155334832924173327217687302,0)	(0.0026171155334832924173327217687302,0)
(0.29544016574134690511499456988531,0)	(0.29544016574134690511499456988531,0)
(0.26711569755514646962168967547768,0)	(0.26711569755514646962168967547768,0)
(0.3240387330580967173432327399496,0)	(0.3240387330580967173432327399496,0)
(0.012800975661017186327250705346614,0)	(0.012800975661017186327250705346614,0)
(0.23916596076416166138933760976215,0)	(0.23916596076416166138933760976215,0)
(0.21172309860322224839279670050018,0)	(0.21172309860322224839279670050018,0)
(0.18483527492890053367524672012223,0)	(0.18483527492890053367524672012223,0)
(0.028012856638490301469657239863409,0)	(0.028012856638490301469657239863409,0)
(0.15862610105612340305469842860475,0)	(0.15862610105612340305469842860475,0)
(0.13362563681795272541030783486349,0)	(0.13362563681795272541030783486349,0)
(0.04446309228295561299937332933041,0)	(0.04446309228295561299937332933041,0)
(0.065081495590193841338511049343651,0)	(0.065081495590193841338511049343651,0)
(0.086206734962976164227121955718758,0)	(0.086206734962976164227121955718758,0)
(0.10899824277489009172192879759677,0)	(0.10899824277489009172192879759677,0)
0.016603572500728872030073546284257	0.011613545603505829803547833023458
0.015954106582202916969626116383552	0.0098174559005850432769069158212005
0.016137772188480510593411310082956	0.010268697247655514392938869150385
0.016753891682886830338805594919904	0.011801515215184422633032390592689
0.016423874824537811056845981738661	0.010746334435084331157539416778945
0.015917200212798392894297805355563	0.0092915780228158238729374573949826
0.016417500575160528381024604982485	0.010422405098573485349167100366685
0.016844912595939811467138369494023	0.011184782151508549513652113205353
0.016279198764189851955652699189159	0.0094797170779076719848710297355865
0.016036534483018023006239971550713	0.0087090180321895364207174239368214
0.016734366709316630256187963254888	0.010015933077891130478787040658517
0.016899382122864684691032621799422	0.0098744612896132909901636409699677
0.016228546940105330331771682494946	0.0080448598242499509691771919506209
0.016281085548238292265432747285558	0.0079016305711424820318322659318255
0.017059970613071746836642006428519	0.0089303529417180810279219826952612
0.016977187958319928107187024579616	0.0081086371948796993197605686987117
0.01629869884777558619592952027233	0.0065031304261678789593870142482501
0.016606653948449047464297478882145	0.0066736316652198229837367193795217
0.017410908371130993238518058774389	0.0072219482080506268092956467796739
0.017149561728354932588214154520756	0.0060858927450567921677015981174463
0.01648840976951837164476977193317	0.0047920343219119421185325791157084
0.016979418568505790648748288163006	0.0049293038589249037542683318235959
0.017836888876678114179696876817616	0.0050156957225523015470036725105274
0.017492831297630614950655569828086	0.003885181416446719694646194653842
0.016795952811087627026820356945791	0.0028459454601726620268098422172898
0.017376201377765885386361688347279	0.0026949094723049452602958719893422
0.018395006620630365012925011569678	0.0023861335682507944268293531564495
0.018111715285117714613338790741182	0.0014634204661904237198405409614566
0.017267703779955005660706746084543	0.00066994562609814470744568071225444
0.017768612222360674612886555223668	0.00010885421137440071473207608976352
0.019100700101485110216081864109583	-0.00067898088555719098013963019866424
0.019173622308881400899682745375685	-0.0013845746410505160167714322483334
0.018108635995247798766705216166883	-0.0017266946225311216762954291681353
-0.00017039203433699793037089942338014	0.00040764884926625284677914606845661
0.00032822599786047618316761620427258	-0.00050560705999376325241873031401951
0.00017197838151513980520755653369491	0.00078142347798549466591361278844374
-0.000062978088868622075411317362547692	0.00044329365936085322885684689708796
0.018151619371238658651179775915807	-0.0025158354077612341860581413044429
-0.00029448705764713453084807648352239	0.0013154917548619526890263387031155
-0.00025109563648915679762510522188279	0.0024411613464405661905187727711564
-0.00017596834012946274152476566765557	0.0031474404016411782619710990616113
0.00024227659549285514989369616500881	0.00089618398370941779185194775436685
0.00010154688441780585677134962629964	0.0035715557974371663421675471283834
0.00030866202685212357258517923419561	0.0027216284858480590744256311097615
0.019803042823300701785749211580878	-0.004102852201437879979539768982022
-0.00034817248264622821345148917515644	0.0055066340543864439674437427640896
-0.000023858946413123411934295928227279	0.0060089326538832130153444666120777
0.020839731443661971971303970008194	-0.0051412726693231833655084450640516
-0.000052803815167577003583058298241681	0.0072648045924864719166680337991693
-0.00038689351440968446950441350651317	0.009427940436625361839140246900115
0.019927900799927966007940582926494	-0.0047950453672067792562638821607379
0.00037274063003262544822163926383496	0.0057411882329170913635829620602635
0.00039566161050377427572596888971646	0.0095162730025641836806293838435522
0.018903875759890761965031913405255	-0.0047759050440031513770633431192891
0.00012581546166418714513372811847347	0.009644259863878899483036200024344
-0.00019328799797982797593724757501121	0.011616985386516552949953684503726
0.020055520432639084571491139286081	-0.0069648928910879294440494646778461
-0.00040535662930981850287509571373334	0.013900344981163865673567947567335
0.02261532069659630272973060982622	-0.0099769528386082616949748214096871
0.00042281043646985659416326353010618	0.013639674516842163753960193162129
-0.00030952480711017089269956881203427	0.016199356565773020272258619911554
0.023700642464973845080500325366302	-0.010572866856795773427002416156029
0.00025462388252594641028722644016113	0.013762285135510653882873199904679
-0.00045527481459495109565940862417222	0.01862735835138251694331756880274
0.022287168765483922339143418867025	-0.0084542262121552625570020111922531
0.00035629712779306513216123764031806	0.018072326492757886245987819506809
0.00051132823186431151755992896568159	0.017661527434259437219221666737212
0.020746270963747242416230776029806	-0.0074738403088938512933148139438799
-0.00039083201744530103724159508793434	0.02054381938983965844025547653473
0.022118360522080111885134812155229	-0.011169349046095010044576945063
-0.00060076368839775875357878121008071	0.023351477470009540660100810782751
0.00040568980582855707853889848379936	0.022373300718591740410268187133624
0.026687151769993637528965990668439	-0.018210344679167631692928708275758
0.00073170344432830374849230370415398	0.021148790494081276536419977674086
-0.00039301488883874448332367279590471	0.024305898412305047134873703384983
0.031666213301270576541135426396067	-0.023171853541756173844312627352338
0.033794874909961282460901799140629	-0.021376446787602872146027976896221
0.00028355412804359492184858027030714	0.026733883546652851409541895577604
-0.00087878512868185855444469467556701	0.027536917541234842699005014310387
0.0010523389541336825372952468171661	0.024478182888214544687954798973806
0.031868131641381754193265152252934	-0.012534741296745335187301506607582
-0.000028202746556129157373682403431303	0.026324870119779904958923211211186
0.027163373539559807628984700045294	-0.00033916171472919210468782713618907
0.022291606213194981034320107937674	0.010209837413793094659797411338786
-0.0012101878668422643564595020393426	0.030785824899763072903802196833567
0.019744584614609490824665982700026	0.015278716750751545477848836185331
0.001222790886188677636492450062633	0.028295905429925181928663135977331
0.001109113877727382208027151477836	0.027010277840262861964726326391428
-0.00042729332622815774508570618728243	0.031630186612819306823940479489465
0.014468037027025301699545423161908	0.025024906077035367207850313775452
-0.00083963111798078873815320832818543	0.031146345807360434343458166495111
-0.0018752641567613770670619466329754	0.036006480895245038253982272635767
-0.00029250608142557255053617382145603	0.035511115848562903318796912799371
0.0067976966881555904442802074072461	0.037445096910520919708531550895714
0.0021364154214287807767580495976745	0.030607465401111512426357563754209
0.0022936191208407087464837825763198	0.028218799861668697470662436899147
0.00017496971432060231393945670674839	0.04586432900876690615943331863491
-0.0040907488795140943202421901503385	0.047651688410467941958703619320659
-0.0037986244675662552555683859623059	0.041676168047248225712042568602556
-0.00058796404961927641735774940912052	0.032908487965764253446732112706741
