1
36
(-0.99639748854252663257113908912288,0)
(-0.98561591034770779096163551002974,0)
(-0.96773294693349742878751840180485,0)
(-0.94287744546108376297866016102489,0)
(-0.91122849038813624744648222986143,0)
(-0.87301411316118793237706086074468,0)
(-0.82850964924384129517420660704374,0)
(-0.77803575431844007592729894895456,0)
(-0.72195609395452331469300588651095,0)
(-0.66067472339008082027334012309439,0)
(-0.59463317630428647042606371542206,0)
(-0.52430728355723077438454993171035,0)
(-0.45020374481767216900962580439227,0)
(-0.37285647778030844845531532882887,0)
(-0.29282277127655004234085822645284,0)
(-0.21067926999572608726118971844699,0)
(-0.12701781974687884058106135398702,0)
(-0.042441203196148045984070762415286,0)
(0.042441203196148448439917189034531,0)
(0.12701781974687895160336381650268,0)
(0.21067926999572669788385326228308,0)
(0.29282277127655054194121930777328,0)
(0.99639748854252530030350953893503,0)
(0.98561591034771012242998722285847,0)
(0.96773294693349876105514795199269,0)
(0.942877445461082763777937998384,0)
(0.9112284903881353592680625297362,0)
(0.87301411316118748828785101068206,0)
(0.82850964924384162824111399459071,0)
(0.77803575431843907672657678631367,0)
(0.72195609395452431389372804915183,0)
(0.66067472339008115334024751064135,0)
(0.59463317630428669247066864045337,0)
(0.37285647778030872601107148511801,0)
(0.45020374481767289065459181074402,0)
(0.52430728355723144051836470680428,0)
0.0003887594737861036885834264964501
0.001543851654703425101480829262357
0.0034320535806598878071638214493078
0.005999029261787266684158304030916
0.0091709598365489926330429426570845
0.012856551529950736856289239540274
0.01694983502200076916355264700087
0.021332981221236935881480079046923
0.025879979943946286591316408021157
0.030459928148519908874813921784153
0.034941168644291656364408993340476
0.039194684340436464209389555435337
0.043098203251904942945316179248039
0.046539347454006139981341760858413
0.049419183102320247968908262237164
0.051654823414385604707366184129569
0.05318196994427297485952266242748
0.053956692365723049609194106324139
0.053956683539708949481905619904865
0.053181978916810125623815252993154
0.051654814514379726597681496969017
0.049419191217023678008857245913532
0.0003887589672887237896535539416476
0.0015438536093776106337266407209086
0.0034320494606816590033027125627996
0.0059990358895398937857934562600803
0.0091709508226284468940248117974079
0.012856562349827946323266303352284
0.016949823350628584472943316541205
0.021332992557409530265388752923172
0.025879970173816619488649237723621
0.030459935278225765825643733819561
0.0349411649046808964191868085436
0.046539341157831849715709182646606
0.043098206719251914986745788382905
0.03919468438040696334212498186389
