
Date:4/4/2010
Time:16:11:37
Output format: Text
Calculations precision: 64

Initial Quadrature
Quadrature Nodes
(-0.4980165855,0.0000000000)	(-0.4980165855,0.0000000000)
(-0.4980165855,0.0000000000)	(-0.4980165855,0.0000000000)
(-0.4895695932,0.0000000000)	(-0.4895695932,0.0000000000)
(-0.4895695932,0.0000000000)	(-0.4895695932,0.0000000000)
(-0.4744540265,0.0000000000)	(-0.4744540265,0.0000000000)
(-0.4744540265,0.0000000000)	(-0.4744540265,0.0000000000)
(-0.4528026835,0.0000000000)	(-0.4528026835,0.0000000000)
(-0.4528026835,0.0000000000)	(-0.4528026835,0.0000000000)
(-0.4248049162,0.0000000000)	(-0.4248049162,0.0000000000)
(-0.4248049162,0.0000000000)	(-0.4248049162,0.0000000000)
(-0.3906956849,0.0000000000)	(-0.3906956849,0.0000000000)
(-0.3906956849,0.0000000000)	(-0.3906956849,0.0000000000)
(-0.3507431676,0.0000000000)	(-0.3507431676,0.0000000000)
(-0.3507431676,0.0000000000)	(-0.3507431676,0.0000000000)
(0.9960331710,0.0000000000)	(0.9960331710,0.0000000000)
(0.9791391865,0.0000000000)	(0.9791391865,0.0000000000)
(0.9489080530,0.0000000000)	(0.9489080530,0.0000000000)
(0.9056053670,0.0000000000)	(0.9056053670,0.0000000000)
(0.8496098323,0.0000000000)	(0.8496098323,0.0000000000)
(0.7813913698,0.0000000000)	(0.7813913698,0.0000000000)
(-0.3052312440,0.0000000000)	(-0.3052312440,0.0000000000)
(-0.3052312440,0.0000000000)	(-0.3052312440,0.0000000000)
(0.7014863352,0.0000000000)	(0.7014863352,0.0000000000)
(0.6104624881,0.0000000000)	(0.6104624881,0.0000000000)
(-0.2544342525,0.0000000000)	(-0.2544342525,0.0000000000)
(-0.2544342525,0.0000000000)	(-0.2544342525,0.0000000000)
(0.5088685051,0.0000000000)	(0.5088685051,0.0000000000)
(-0.1985804100,0.0000000000)	(-0.1985804100,0.0000000000)
(-0.1985804100,0.0000000000)	(-0.1985804100,0.0000000000)
(0.3971608199,0.0000000000)	(0.3971608199,0.0000000000)
(-0.1378025652,0.0000000000)	(-0.1378025652,0.0000000000)
(-0.1378025652,0.0000000000)	(-0.1378025652,0.0000000000)
(0.2756051304,0.0000000000)	(0.2756051304,0.0000000000)
(-0.07213168615,0.0000000000)	(-0.07213168615,0.0000000000)
(-0.07213168615,0.0000000000)	(-0.07213168615,0.0000000000)
(0.1442633723,0.0000000000)	(0.1442633723,0.0000000000)
Quadrature Weights
0.01009499806	0.01505248495
0.01009499806	0.01505248495
0.02262169468	0.03287630823
0.02262169468	0.03287630823
0.03315498414	0.04597018824
0.03315498414	0.04597018824
0.04077685113	0.05271247721
0.04077685113	0.05271247721
0.04489234900	0.05273426342
0.04489234900	0.05273426342
0.04527708693	0.04691077971
0.04527708693	0.04691077971
0.04210237200	0.03710450545
0.04210237200	0.03710450545
0.01009499806	0.01505248495
0.02262169468	0.03287630823
0.03315498414	0.04597018824
0.04077685113	0.05271247721
0.04489234900	0.05273426342
0.04527708693	0.04691077971
0.03592320201	0.02570128067
0.03592320201	0.02570128067
0.04210237200	0.03710450545
0.03592320201	0.02570128067
0.02763344329	0.01504647400
0.02763344329	0.01504647400
0.02763344329	0.01504647400
0.01840079720	0.006908361183
0.01840079720	0.006908361183
0.01840079720	0.006908361183
0.009604450770	0.002084880909
0.009604450770	0.002084880909
0.009604450771	0.002084880909
0.002851104120	0.0002313293506
0.002851104120	0.0002313293506
0.002851104118	0.0002313293505

Vector_Stieltjes_procedure ...
0.0000000000	0.0000000000	-7.362700730e-014	1.000000000
0.0000000000	0.3000005853	0.3857153155	1.000000000
0.009285179567	0.05809130070	0.5462573349	1.000000000
-0.01801352395	0.08228518318	-0.2173626942	1.000000000
0.04260144995	0.05575019051	0.4520454380	1.000000000
-0.01004928834	0.1317870136	-0.05912405881	1.000000000
0.02880868651	0.09054203615	0.4589505900	1.000000000
-0.008513425785	0.08866788279	-0.3020976615	1.000000000
0.05110434765	-0.04057302859	0.6313692925	1.000000000
-0.02282389534	0.08667414315	0.06701858107	1.000000000
0.01830561724	0.1667332819	0.2840624502	1.000000000
0.003966922956	0.08398052654	1.517957649	1.000000000
-0.1005169181	-1.633465333	-1.176990862	1.000000000
0.1219990511	0.08187869517	0.3745037414	1.000000000
-0.003383136601	0.1407374695	0.06832868474	1.000000000
0.01019837348	0.1316767454	0.5017082798	1.000000000
-0.01933773032	0.1073260918	0.3860439229	1.000000000
-0.01738687016	0.1511898210	0.2693810191	1.000000000
-0.07422376664	-0.3726336933	-1.121151818	1.000000000
-0.2608480639	-0.7760272087	1.316018908	1.000000000
-0.002482746879	-0.004117424914	-0.1697980200	1.000000000
0.006077114550	0.2238959008	0.6881724648	1.000000000
-0.002835181500	0.007384176295	-0.3995604712	1.000000000
8.829594558e-006	0.001378020293	-0.4521812712	1.000000000
-5.571952988e-084	2.093293406e-081	0.9577699353	1.000000000
3.926395552e-084	0.003639240494	0.9645170870	1.000000000
-0.0008237981477	-0.05422698026	0.3440721363	1.000000000
-6.685830864e-005	-0.02711197136	-260.4315320	1.000000000
-7.022513429	-67520.72034	259.2639996	1.000000000
231.3271876	-0.8920967508	1.572355364	1.000000000
0.001861806688	-1.691329605	-1.729522012	1.000000000
-1.438356039	-1.010790503	0.4837312148	1.000000000
0.04268798282	-0.03618553859	-0.4312045436	1.000000000
0.02160697109	0.08442310851	1.170191246	1.000000000
0.1901369392	-0.7552391774	-0.2806266448	1.000000000
-0.04339094822	-0.03736625377	0.1325106845	0.0000000000
Matrix from Quadrature
-7.362700730e-014	1.000000000	0.0000000000	0.0000000000	0.0000000000	0.0000000000	0.0000000000	0.0000000000	0.0000000000	0.0000000000	0.0000000000	0.0000000000	0.0000000000	0.0000000000	0.0000000000	0.0000000000	0.0000000000	0.0000000000	0.0000000000	0.0000000000	0.0000000000	0.0000000000	0.0000000000	0.0000000000	0.0000000000	0.0000000000	0.0000000000	0.0000000000	0.0000000000	0.0000000000	0.0000000000	0.0000000000	0.0000000000	0.0000000000	0.0000000000	0.0000000000
0.3000005853	0.3857153155	1.000000000	0.0000000000	0.0000000000	0.0000000000	0.0000000000	0.0000000000	0.0000000000	0.0000000000	0.0000000000	0.0000000000	0.0000000000	0.0000000000	0.0000000000	0.0000000000	0.0000000000	0.0000000000	0.0000000000	0.0000000000	0.0000000000	0.0000000000	0.0000000000	0.0000000000	0.0000000000	0.0000000000	0.0000000000	0.0000000000	0.0000000000	0.0000000000	0.0000000000	0.0000000000	0.0000000000	0.0000000000	0.0000000000	0.0000000000
0.009285179567	0.05809130070	0.5462573349	1.000000000	0.0000000000	0.0000000000	0.0000000000	0.0000000000	0.0000000000	0.0000000000	0.0000000000	0.0000000000	0.0000000000	0.0000000000	0.0000000000	0.0000000000	0.0000000000	0.0000000000	0.0000000000	0.0000000000	0.0000000000	0.0000000000	0.0000000000	0.0000000000	0.0000000000	0.0000000000	0.0000000000	0.0000000000	0.0000000000	0.0000000000	0.0000000000	0.0000000000	0.0000000000	0.0000000000	0.0000000000	0.0000000000
0.0000000000	-0.01801352395	0.08228518318	-0.2173626942	1.000000000	0.0000000000	0.0000000000	0.0000000000	0.0000000000	0.0000000000	0.0000000000	0.0000000000	0.0000000000	0.0000000000	0.0000000000	0.0000000000	0.0000000000	0.0000000000	0.0000000000	0.0000000000	0.0000000000	0.0000000000	0.0000000000	0.0000000000	0.0000000000	0.0000000000	0.0000000000	0.0000000000	0.0000000000	0.0000000000	0.0000000000	0.0000000000	0.0000000000	0.0000000000	0.0000000000	0.0000000000
0.0000000000	0.0000000000	0.04260144995	0.05575019051	0.4520454380	1.000000000	0.0000000000	0.0000000000	0.0000000000	0.0000000000	0.0000000000	0.0000000000	0.0000000000	0.0000000000	0.0000000000	0.0000000000	0.0000000000	0.0000000000	0.0000000000	0.0000000000	0.0000000000	0.0000000000	0.0000000000	0.0000000000	0.0000000000	0.0000000000	0.0000000000	0.0000000000	0.0000000000	0.0000000000	0.0000000000	0.0000000000	0.0000000000	0.0000000000	0.0000000000	0.0000000000
0.0000000000	0.0000000000	0.0000000000	-0.01004928834	0.1317870136	-0.05912405881	1.000000000	0.0000000000	0.0000000000	0.0000000000	0.0000000000	0.0000000000	0.0000000000	0.0000000000	0.0000000000	0.0000000000	0.0000000000	0.0000000000	0.0000000000	0.0000000000	0.0000000000	0.0000000000	0.0000000000	0.0000000000	0.0000000000	0.0000000000	0.0000000000	0.0000000000	0.0000000000	0.0000000000	0.0000000000	0.0000000000	0.0000000000	0.0000000000	0.0000000000	0.0000000000
0.0000000000	0.0000000000	0.0000000000	0.0000000000	0.02880868651	0.09054203615	0.4589505900	1.000000000	0.0000000000	0.0000000000	0.0000000000	0.0000000000	0.0000000000	0.0000000000	0.0000000000	0.0000000000	0.0000000000	0.0000000000	0.0000000000	0.0000000000	0.0000000000	0.0000000000	0.0000000000	0.0000000000	0.0000000000	0.0000000000	0.0000000000	0.0000000000	0.0000000000	0.0000000000	0.0000000000	0.0000000000	0.0000000000	0.0000000000	0.0000000000	0.0000000000
0.0000000000	0.0000000000	0.0000000000	0.0000000000	0.0000000000	-0.008513425785	0.08866788279	-0.3020976615	1.000000000	0.0000000000	0.0000000000	0.0000000000	0.0000000000	0.0000000000	0.0000000000	0.0000000000	0.0000000000	0.0000000000	0.0000000000	0.0000000000	0.0000000000	0.0000000000	0.0000000000	0.0000000000	0.0000000000	0.0000000000	0.0000000000	0.0000000000	0.0000000000	0.0000000000	0.0000000000	0.0000000000	0.0000000000	0.0000000000	0.0000000000	0.0000000000
0.0000000000	0.0000000000	0.0000000000	0.0000000000	0.0000000000	0.0000000000	0.05110434765	-0.04057302859	0.6313692925	1.000000000	0.0000000000	0.0000000000	0.0000000000	0.0000000000	0.0000000000	0.0000000000	0.0000000000	0.0000000000	0.0000000000	0.0000000000	0.0000000000	0.0000000000	0.0000000000	0.0000000000	0.0000000000	0.0000000000	0.0000000000	0.0000000000	0.0000000000	0.0000000000	0.0000000000	0.0000000000	0.0000000000	0.0000000000	0.0000000000	0.0000000000
0.0000000000	0.0000000000	0.0000000000	0.0000000000	0.0000000000	0.0000000000	0.0000000000	-0.02282389534	0.08667414315	0.06701858107	1.000000000	0.0000000000	0.0000000000	0.0000000000	0.0000000000	0.0000000000	0.0000000000	0.0000000000	0.0000000000	0.0000000000	0.0000000000	0.0000000000	0.0000000000	0.0000000000	0.0000000000	0.0000000000	0.0000000000	0.0000000000	0.0000000000	0.0000000000	0.0000000000	0.0000000000	0.0000000000	0.0000000000	0.0000000000	0.0000000000
0.0000000000	0.0000000000	0.0000000000	0.0000000000	0.0000000000	0.0000000000	0.0000000000	0.0000000000	0.01830561724	0.1667332819	0.2840624502	1.000000000	0.0000000000	0.0000000000	0.0000000000	0.0000000000	0.0000000000	0.0000000000	0.0000000000	0.0000000000	0.0000000000	0.0000000000	0.0000000000	0.0000000000	0.0000000000	0.0000000000	0.0000000000	0.0000000000	0.0000000000	0.0000000000	0.0000000000	0.0000000000	0.0000000000	0.0000000000	0.0000000000	0.0000000000
0.0000000000	0.0000000000	0.0000000000	0.0000000000	0.0000000000	0.0000000000	0.0000000000	0.0000000000	0.0000000000	0.003966922956	0.08398052654	1.517957649	1.000000000	0.0000000000	0.0000000000	0.0000000000	0.0000000000	0.0000000000	0.0000000000	0.0000000000	0.0000000000	0.0000000000	0.0000000000	0.0000000000	0.0000000000	0.0000000000	0.0000000000	0.0000000000	0.0000000000	0.0000000000	0.0000000000	0.0000000000	0.0000000000	0.0000000000	0.0000000000	0.0000000000
0.0000000000	0.0000000000	0.0000000000	0.0000000000	0.0000000000	0.0000000000	0.0000000000	0.0000000000	0.0000000000	0.0000000000	-0.1005169181	-1.633465333	-1.176990862	1.000000000	0.0000000000	0.0000000000	0.0000000000	0.0000000000	0.0000000000	0.0000000000	0.0000000000	0.0000000000	0.0000000000	0.0000000000	0.0000000000	0.0000000000	0.0000000000	0.0000000000	0.0000000000	0.0000000000	0.0000000000	0.0000000000	0.0000000000	0.0000000000	0.0000000000	0.0000000000
0.0000000000	0.0000000000	0.0000000000	0.0000000000	0.0000000000	0.0000000000	0.0000000000	0.0000000000	0.0000000000	0.0000000000	0.0000000000	0.1219990511	0.08187869517	0.3745037414	1.000000000	0.0000000000	0.0000000000	0.0000000000	0.0000000000	0.0000000000	0.0000000000	0.0000000000	0.0000000000	0.0000000000	0.0000000000	0.0000000000	0.0000000000	0.0000000000	0.0000000000	0.0000000000	0.0000000000	0.0000000000	0.0000000000	0.0000000000	0.0000000000	0.0000000000
0.0000000000	0.0000000000	0.0000000000	0.0000000000	0.0000000000	0.0000000000	0.0000000000	0.0000000000	0.0000000000	0.0000000000	0.0000000000	0.0000000000	-0.003383136601	0.1407374695	0.06832868474	1.000000000	0.0000000000	0.0000000000	0.0000000000	0.0000000000	0.0000000000	0.0000000000	0.0000000000	0.0000000000	0.0000000000	0.0000000000	0.0000000000	0.0000000000	0.0000000000	0.0000000000	0.0000000000	0.0000000000	0.0000000000	0.0000000000	0.0000000000	0.0000000000
0.0000000000	0.0000000000	0.0000000000	0.0000000000	0.0000000000	0.0000000000	0.0000000000	0.0000000000	0.0000000000	0.0000000000	0.0000000000	0.0000000000	0.0000000000	0.01019837348	0.1316767454	0.5017082798	1.000000000	0.0000000000	0.0000000000	0.0000000000	0.0000000000	0.0000000000	0.0000000000	0.0000000000	0.0000000000	0.0000000000	0.0000000000	0.0000000000	0.0000000000	0.0000000000	0.0000000000	0.0000000000	0.0000000000	0.0000000000	0.0000000000	0.0000000000
0.0000000000	0.0000000000	0.0000000000	0.0000000000	0.0000000000	0.0000000000	0.0000000000	0.0000000000	0.0000000000	0.0000000000	0.0000000000	0.0000000000	0.0000000000	0.0000000000	-0.01933773032	0.1073260918	0.3860439229	1.000000000	0.0000000000	0.0000000000	0.0000000000	0.0000000000	0.0000000000	0.0000000000	0.0000000000	0.0000000000	0.0000000000	0.0000000000	0.0000000000	0.0000000000	0.0000000000	0.0000000000	0.0000000000	0.0000000000	0.0000000000	0.0000000000
0.0000000000	0.0000000000	0.0000000000	0.0000000000	0.0000000000	0.0000000000	0.0000000000	0.0000000000	0.0000000000	0.0000000000	0.0000000000	0.0000000000	0.0000000000	0.0000000000	0.0000000000	-0.01738687016	0.1511898210	0.2693810191	1.000000000	0.0000000000	0.0000000000	0.0000000000	0.0000000000	0.0000000000	0.0000000000	0.0000000000	0.0000000000	0.0000000000	0.0000000000	0.0000000000	0.0000000000	0.0000000000	0.0000000000	0.0000000000	0.0000000000	0.0000000000
0.0000000000	0.0000000000	0.0000000000	0.0000000000	0.0000000000	0.0000000000	0.0000000000	0.0000000000	0.0000000000	0.0000000000	0.0000000000	0.0000000000	0.0000000000	0.0000000000	0.0000000000	0.0000000000	-0.07422376664	-0.3726336933	-1.121151818	1.000000000	0.0000000000	0.0000000000	0.0000000000	0.0000000000	0.0000000000	0.0000000000	0.0000000000	0.0000000000	0.0000000000	0.0000000000	0.0000000000	0.0000000000	0.0000000000	0.0000000000	0.0000000000	0.0000000000
0.0000000000	0.0000000000	0.0000000000	0.0000000000	0.0000000000	0.0000000000	0.0000000000	0.0000000000	0.0000000000	0.0000000000	0.0000000000	0.0000000000	0.0000000000	0.0000000000	0.0000000000	0.0000000000	0.0000000000	-0.2608480639	-0.7760272087	1.316018908	1.000000000	0.0000000000	0.0000000000	0.0000000000	0.0000000000	0.0000000000	0.0000000000	0.0000000000	0.0000000000	0.0000000000	0.0000000000	0.0000000000	0.0000000000	0.0000000000	0.0000000000	0.0000000000
0.0000000000	0.0000000000	0.0000000000	0.0000000000	0.0000000000	0.0000000000	0.0000000000	0.0000000000	0.0000000000	0.0000000000	0.0000000000	0.0000000000	0.0000000000	0.0000000000	0.0000000000	0.0000000000	0.0000000000	0.0000000000	-0.002482746879	-0.004117424914	-0.1697980200	1.000000000	0.0000000000	0.0000000000	0.0000000000	0.0000000000	0.0000000000	0.0000000000	0.0000000000	0.0000000000	0.0000000000	0.0000000000	0.0000000000	0.0000000000	0.0000000000	0.0000000000
0.0000000000	0.0000000000	0.0000000000	0.0000000000	0.0000000000	0.0000000000	0.0000000000	0.0000000000	0.0000000000	0.0000000000	0.0000000000	0.0000000000	0.0000000000	0.0000000000	0.0000000000	0.0000000000	0.0000000000	0.0000000000	0.0000000000	0.006077114550	0.2238959008	0.6881724648	1.000000000	0.0000000000	0.0000000000	0.0000000000	0.0000000000	0.0000000000	0.0000000000	0.0000000000	0.0000000000	0.0000000000	0.0000000000	0.0000000000	0.0000000000	0.0000000000
0.0000000000	0.0000000000	0.0000000000	0.0000000000	0.0000000000	0.0000000000	0.0000000000	0.0000000000	0.0000000000	0.0000000000	0.0000000000	0.0000000000	0.0000000000	0.0000000000	0.0000000000	0.0000000000	0.0000000000	0.0000000000	0.0000000000	0.0000000000	-0.002835181500	0.007384176295	-0.3995604712	1.000000000	0.0000000000	0.0000000000	0.0000000000	0.0000000000	0.0000000000	0.0000000000	0.0000000000	0.0000000000	0.0000000000	0.0000000000	0.0000000000	0.0000000000
0.0000000000	0.0000000000	0.0000000000	0.0000000000	0.0000000000	0.0000000000	0.0000000000	0.0000000000	0.0000000000	0.0000000000	0.0000000000	0.0000000000	0.0000000000	0.0000000000	0.0000000000	0.0000000000	0.0000000000	0.0000000000	0.0000000000	0.0000000000	0.0000000000	8.829594558e-006	0.001378020293	-0.4521812712	1.000000000	0.0000000000	0.0000000000	0.0000000000	0.0000000000	0.0000000000	0.0000000000	0.0000000000	0.0000000000	0.0000000000	0.0000000000	0.0000000000
0.0000000000	0.0000000000	0.0000000000	0.0000000000	0.0000000000	0.0000000000	0.0000000000	0.0000000000	0.0000000000	0.0000000000	0.0000000000	0.0000000000	0.0000000000	0.0000000000	0.0000000000	0.0000000000	0.0000000000	0.0000000000	0.0000000000	0.0000000000	0.0000000000	0.0000000000	-5.571952988e-084	2.093293406e-081	0.9577699353	1.000000000	0.0000000000	0.0000000000	0.0000000000	0.0000000000	0.0000000000	0.0000000000	0.0000000000	0.0000000000	0.0000000000	0.0000000000
0.0000000000	0.0000000000	0.0000000000	0.0000000000	0.0000000000	0.0000000000	0.0000000000	0.0000000000	0.0000000000	0.0000000000	0.0000000000	0.0000000000	0.0000000000	0.0000000000	0.0000000000	0.0000000000	0.0000000000	0.0000000000	0.0000000000	0.0000000000	0.0000000000	0.0000000000	0.0000000000	3.926395552e-084	0.003639240494	0.9645170870	1.000000000	0.0000000000	0.0000000000	0.0000000000	0.0000000000	0.0000000000	0.0000000000	0.0000000000	0.0000000000	0.0000000000
0.0000000000	0.0000000000	0.0000000000	0.0000000000	0.0000000000	0.0000000000	0.0000000000	0.0000000000	0.0000000000	0.0000000000	0.0000000000	0.0000000000	0.0000000000	0.0000000000	0.0000000000	0.0000000000	0.0000000000	0.0000000000	0.0000000000	0.0000000000	0.0000000000	0.0000000000	0.0000000000	0.0000000000	-0.0008237981477	-0.05422698026	0.3440721363	1.000000000	0.0000000000	0.0000000000	0.0000000000	0.0000000000	0.0000000000	0.0000000000	0.0000000000	0.0000000000
0.0000000000	0.0000000000	0.0000000000	0.0000000000	0.0000000000	0.0000000000	0.0000000000	0.0000000000	0.0000000000	0.0000000000	0.0000000000	0.0000000000	0.0000000000	0.0000000000	0.0000000000	0.0000000000	0.0000000000	0.0000000000	0.0000000000	0.0000000000	0.0000000000	0.0000000000	0.0000000000	0.0000000000	0.0000000000	-6.685830864e-005	-0.02711197136	-260.4315320	1.000000000	0.0000000000	0.0000000000	0.0000000000	0.0000000000	0.0000000000	0.0000000000	0.0000000000
0.0000000000	0.0000000000	0.0000000000	0.0000000000	0.0000000000	0.0000000000	0.0000000000	0.0000000000	0.0000000000	0.0000000000	0.0000000000	0.0000000000	0.0000000000	0.0000000000	0.0000000000	0.0000000000	0.0000000000	0.0000000000	0.0000000000	0.0000000000	0.0000000000	0.0000000000	0.0000000000	0.0000000000	0.0000000000	0.0000000000	-7.022513429	-67520.72034	259.2639996	1.000000000	0.0000000000	0.0000000000	0.0000000000	0.0000000000	0.0000000000	0.0000000000
0.0000000000	0.0000000000	0.0000000000	0.0000000000	0.0000000000	0.0000000000	0.0000000000	0.0000000000	0.0000000000	0.0000000000	0.0000000000	0.0000000000	0.0000000000	0.0000000000	0.0000000000	0.0000000000	0.0000000000	0.0000000000	0.0000000000	0.0000000000	0.0000000000	0.0000000000	0.0000000000	0.0000000000	0.0000000000	0.0000000000	0.0000000000	231.3271876	-0.8920967508	1.572355364	1.000000000	0.0000000000	0.0000000000	0.0000000000	0.0000000000	0.0000000000
0.0000000000	0.0000000000	0.0000000000	0.0000000000	0.0000000000	0.0000000000	0.0000000000	0.0000000000	0.0000000000	0.0000000000	0.0000000000	0.0000000000	0.0000000000	0.0000000000	0.0000000000	0.0000000000	0.0000000000	0.0000000000	0.0000000000	0.0000000000	0.0000000000	0.0000000000	0.0000000000	0.0000000000	0.0000000000	0.0000000000	0.0000000000	0.0000000000	0.001861806688	-1.691329605	-1.729522012	1.000000000	0.0000000000	0.0000000000	0.0000000000	0.0000000000
0.0000000000	0.0000000000	0.0000000000	0.0000000000	0.0000000000	0.0000000000	0.0000000000	0.0000000000	0.0000000000	0.0000000000	0.0000000000	0.0000000000	0.0000000000	0.0000000000	0.0000000000	0.0000000000	0.0000000000	0.0000000000	0.0000000000	0.0000000000	0.0000000000	0.0000000000	0.0000000000	0.0000000000	0.0000000000	0.0000000000	0.0000000000	0.0000000000	0.0000000000	-1.438356039	-1.010790503	0.4837312148	1.000000000	0.0000000000	0.0000000000	0.0000000000
0.0000000000	0.0000000000	0.0000000000	0.0000000000	0.0000000000	0.0000000000	0.0000000000	0.0000000000	0.0000000000	0.0000000000	0.0000000000	0.0000000000	0.0000000000	0.0000000000	0.0000000000	0.0000000000	0.0000000000	0.0000000000	0.0000000000	0.0000000000	0.0000000000	0.0000000000	0.0000000000	0.0000000000	0.0000000000	0.0000000000	0.0000000000	0.0000000000	0.0000000000	0.0000000000	0.04268798282	-0.03618553859	-0.4312045436	1.000000000	0.0000000000	0.0000000000
0.0000000000	0.0000000000	0.0000000000	0.0000000000	0.0000000000	0.0000000000	0.0000000000	0.0000000000	0.0000000000	0.0000000000	0.0000000000	0.0000000000	0.0000000000	0.0000000000	0.0000000000	0.0000000000	0.0000000000	0.0000000000	0.0000000000	0.0000000000	0.0000000000	0.0000000000	0.0000000000	0.0000000000	0.0000000000	0.0000000000	0.0000000000	0.0000000000	0.0000000000	0.0000000000	0.0000000000	0.02160697109	0.08442310851	1.170191246	1.000000000	0.0000000000
0.0000000000	0.0000000000	0.0000000000	0.0000000000	0.0000000000	0.0000000000	0.0000000000	0.0000000000	0.0000000000	0.0000000000	0.0000000000	0.0000000000	0.0000000000	0.0000000000	0.0000000000	0.0000000000	0.0000000000	0.0000000000	0.0000000000	0.0000000000	0.0000000000	0.0000000000	0.0000000000	0.0000000000	0.0000000000	0.0000000000	0.0000000000	0.0000000000	0.0000000000	0.0000000000	0.0000000000	0.0000000000	0.1901369392	-0.7552391774	-0.2806266448	1.000000000
0.0000000000	0.0000000000	0.0000000000	0.0000000000	0.0000000000	0.0000000000	0.0000000000	0.0000000000	0.0000000000	0.0000000000	0.0000000000	0.0000000000	0.0000000000	0.0000000000	0.0000000000	0.0000000000	0.0000000000	0.0000000000	0.0000000000	0.0000000000	0.0000000000	0.0000000000	0.0000000000	0.0000000000	0.0000000000	0.0000000000	0.0000000000	0.0000000000	0.0000000000	0.0000000000	0.0000000000	0.0000000000	0.0000000000	-0.04339094822	-0.03736625377	0.1325106845

Matrix A
0.0000000000
