
Date:19/4/2010
Time:16:45:48
Output format: Text
Calculations precision: 128

Initial Quadrature
Quadrature Nodes
(-0.649441268611190,0.000000000000000)	(-0.649441268611190,0.000000000000000)
(-0.649441268611190,0.000000000000000)	(-0.649441268611190,0.000000000000000)
(-0.650076428733063,0.000000000000000)	(-0.650076428733063,0.000000000000000)
(-0.650076428733063,0.000000000000000)	(-0.650076428733063,0.000000000000000)
(-0.651906742591710,0.000000000000000)	(-0.651906742591710,0.000000000000000)
(-0.651906742591710,0.000000000000000)	(-0.651906742591710,0.000000000000000)
(-0.655994729895433,0.000000000000000)	(-0.655994729895433,0.000000000000000)
(-0.655994729895433,0.000000000000000)	(-0.655994729895433,0.000000000000000)
(-0.663568219575208,0.000000000000000)	(-0.663568219575208,0.000000000000000)
(-0.663568219575208,0.000000000000000)	(-0.663568219575208,0.000000000000000)
(-0.675690047904564,0.000000000000000)	(-0.675690047904564,0.000000000000000)
(-0.675690047904564,0.000000000000000)	(-0.675690047904564,0.000000000000000)
(-0.692995145229980,0.000000000000000)	(-0.692995145229980,0.000000000000000)
(-0.692995145229980,0.000000000000000)	(-0.692995145229980,0.000000000000000)
(-0.764522585059632,0.000000000000000)	(-0.764522585059632,0.000000000000000)
(-0.748676844059901,0.000000000000000)	(-0.748676844059901,0.000000000000000)
(-0.717213110061939,0.000000000000000)	(-0.717213110061939,0.000000000000000)
(-0.717213110061939,0.000000000000000)	(-0.717213110061939,0.000000000000000)
(0.649441268611188,0.000000000000000)	(0.649441268611188,0.000000000000000)
(0.649441268611188,0.000000000000000)	(0.649441268611188,0.000000000000000)
(0.650076428733067,0.000000000000000)	(0.650076428733067,0.000000000000000)
(0.650076428733067,0.000000000000000)	(0.650076428733067,0.000000000000000)
(0.651906742591695,0.000000000000000)	(0.651906742591695,0.000000000000000)
(0.651906742591695,0.000000000000000)	(0.651906742591695,0.000000000000000)
(0.655994729895449,0.000000000000000)	(0.655994729895449,0.000000000000000)
(0.655994729895449,0.000000000000000)	(0.655994729895449,0.000000000000000)
(0.663568219575178,0.000000000000000)	(0.663568219575178,0.000000000000000)
(0.663568219575178,0.000000000000000)	(0.663568219575178,0.000000000000000)
(0.675690047904745,0.000000000000000)	(0.675690047904745,0.000000000000000)
(0.675690047904745,0.000000000000000)	(0.675690047904745,0.000000000000000)
(0.692995145229577,0.000000000000000)	(0.692995145229577,0.000000000000000)
(0.692995145229577,0.000000000000000)	(0.692995145229577,0.000000000000000)
(0.764522585059652,0.000000000000000)	(0.764522585059652,0.000000000000000)
(0.748676844059838,0.000000000000000)	(0.748676844059838,0.000000000000000)
(0.717213110062210,0.000000000000000)	(0.717213110062210,0.000000000000000)
(0.717213110062210,0.000000000000000)	(0.717213110062210,0.000000000000000)
Quadrature Weights
0.000283053608973611	0.000916145815687945
0.000283053608971250	0.000916145815688256
0.00132887988177485	0.00349603177289104
0.00132887988177595	0.00349603177289017
0.00384024531623400	0.00729192142356144
0.00384024531623184	0.00729192142356202
0.00948560923212610	0.0117252678345408
0.00948560923212725	0.0117252678345405
0.0221325213000337	0.0163128196270477
0.0221325213000344	0.0163128196270485
0.0513346668881686	0.0207145276285932
0.0513346668881682	0.0207145276285920
0.122278871884607	0.0246583173962387
0.122278871884609	0.0246583173962401
-0.00214402188688152	0.00144185691348273
0.0269665276887115	0.00602719458726884
0.218759270075374	0.0231195323220733
0.218759270075329	0.0231195323220663
0.000188745271310122	0.00284628092589558
0.000188745271309362	0.00284628092589572
0.000808730279091547	0.0111326469284103
0.000808730279091489	0.0111326469284099
0.00201082646696737	0.0240909690102846
0.00201082646696706	0.0240909690102849
0.00399574183522249	0.0404071948072936
0.00399574183522240	0.0404071948072928
0.00689062353806776	0.0581759566172739
0.00689062353806793	0.0581759566172742
0.0105508292631366	0.0749029342558126
0.0105508292631363	0.0749029342558124
0.0143417564212393	0.0872314300990991
0.0143417564212390	0.0872314300990987
0.00143847153147279	0.00428566217918467
0.00605739905097641	0.0192247632250553
0.0156104405455506	0.0774882850828054
0.0156104405455616	0.0774882850828019

Vector_Stieltjes_procedure ...
0.000000000000000	0.000000000000000	-0.539646267879026	1.00000000000000
0.000000000000000	0.200067390077081	0.525931764664901	1.00000000000000
0.000430436873509169	-0.00737445829218020	6.01281035020832	1.00000000000000
0.0479711787022561	-35.5414091124758	-5.98962550018592	1.00000000000000
0.0593966187691204	0.00878654449722047	-0.607547450626728	1.00000000000000
-0.000134925839875362	0.137007510842217	0.702030080464985	1.00000000000000
-0.0173740167429436	-0.0716524194384782	-0.133272905866100	1.00000000000000
0.0531211002412811	0.505812515722134	0.000321435175556546	1.00000000000000
0.00248943651188477	0.00613604411579093	-0.839368709247154	1.00000000000000
0.00134441361179695	-0.191980063574590	0.820662832063148	1.00000000000000
-0.0153815528090799	0.0167515511159405	0.476903628380417	1.00000000000000
-0.00633443914837104	0.306190112977804	-0.449542803274002	1.00000000000000
0.00401354865282196	0.00627961876141466	-0.828600565076413	1.00000000000000
0.00523563313498357	-0.269830066456870	0.849173405832216	1.00000000000000
0.000243184751358468	-0.000753122566092061	0.519319345515257	1.00000000000000
0.000783008874728725	0.166408841481566	-0.519808081146737	1.00000000000000
9.35520161550207e-005	0.000167547545348071	-0.520362836145860	1.00000000000000
8.42835842634508e-005	0.155961956355817	0.520605099578524	1.00000000000000
3.17784744730914e-005	-6.13490799184435e-005	0.880864702570977	1.00000000000000
5.42964289392164e-005	-0.353190097360879	-0.880847525006386	1.00000000000000
-6.40584328731241e-151	-6.49584568809119e-150	-0.742506593904947	1.00000000000000
-6.72005568564535e-150	0.0183487516612779	0.756446627326125	1.00000000000000
-0.0239239018949890	0.000924573651047466	0.887628188365932	1.00000000000000
0.0252876278625650	1.07589103481747	0.110438123821983	1.00000000000000
-0.380686888894101	-0.198733621237280	6.96742355757286	1.00000000000000
-0.873850280046203	109.215146983234	17.2844001330575	1.00000000000000
51.6890480127740	7.85560408358363	2.47958276732478	1.00000000000000
0.0658894276258585	-4.29281237638352	-2.16738870977586	1.00000000000000
0.265891746999644	0.100672284917185	-0.580536496067702	1.00000000000000
0.0124045277204495	0.207400912340089	0.550619326284751	1.00000000000000
-0.000830056624917427	0.0195108052715435	1.24652230145644	1.00000000000000
-0.0348137029763373	-1.10697924356629	-1.21868133877585	1.00000000000000
0.00210688886145858	0.00270933186910451	-859.941987979402	1.00000000000000
1.59512040073213	-782948.949628046	910.556125835375	1.00000000000000
5857.73302083376	-6.81282250950255	-0.0610003851366417	1.00000000000000
0.00328602367110201	0.424029492350727	0.0386983047749965	0.000000000000000
Matrix from Quadrature
-0.539646267879026	1.00000000000000	0.000000000000000	0.000000000000000	0.000000000000000	0.000000000000000	0.000000000000000	0.000000000000000	0.000000000000000	0.000000000000000	0.000000000000000	0.000000000000000	0.000000000000000	0.000000000000000	0.000000000000000	0.000000000000000	0.000000000000000	0.000000000000000	0.000000000000000	0.000000000000000	0.000000000000000	0.000000000000000	0.000000000000000	0.000000000000000	0.000000000000000	0.000000000000000	0.000000000000000	0.000000000000000	0.000000000000000	0.000000000000000	0.000000000000000	0.000000000000000	0.000000000000000	0.000000000000000	0.000000000000000	0.000000000000000
0.200067390077081	0.525931764664901	1.00000000000000	0.000000000000000	0.000000000000000	0.000000000000000	0.000000000000000	0.000000000000000	0.000000000000000	0.000000000000000	0.000000000000000	0.000000000000000	0.000000000000000	0.000000000000000	0.000000000000000	0.000000000000000	0.000000000000000	0.000000000000000	0.000000000000000	0.000000000000000	0.000000000000000	0.000000000000000	0.000000000000000	0.000000000000000	0.000000000000000	0.000000000000000	0.000000000000000	0.000000000000000	0.000000000000000	0.000000000000000	0.000000000000000	0.000000000000000	0.000000000000000	0.000000000000000	0.000000000000000	0.000000000000000
0.000430436873509169	-0.00737445829218020	6.01281035020832	1.00000000000000	0.000000000000000	0.000000000000000	0.000000000000000	0.000000000000000	0.000000000000000	0.000000000000000	0.000000000000000	0.000000000000000	0.000000000000000	0.000000000000000	0.000000000000000	0.000000000000000	0.000000000000000	0.000000000000000	0.000000000000000	0.000000000000000	0.000000000000000	0.000000000000000	0.000000000000000	0.000000000000000	0.000000000000000	0.000000000000000	0.000000000000000	0.000000000000000	0.000000000000000	0.000000000000000	0.000000000000000	0.000000000000000	0.000000000000000	0.000000000000000	0.000000000000000	0.000000000000000
0.000000000000000	0.0479711787022561	-35.5414091124758	-5.98962550018592	1.00000000000000	0.000000000000000	0.000000000000000	0.000000000000000	0.000000000000000	0.000000000000000	0.000000000000000	0.000000000000000	0.000000000000000	0.000000000000000	0.000000000000000	0.000000000000000	0.000000000000000	0.000000000000000	0.000000000000000	0.000000000000000	0.000000000000000	0.000000000000000	0.000000000000000	0.000000000000000	0.000000000000000	0.000000000000000	0.000000000000000	0.000000000000000	0.000000000000000	0.000000000000000	0.000000000000000	0.000000000000000	0.000000000000000	0.000000000000000	0.000000000000000	0.000000000000000
0.000000000000000	0.000000000000000	0.0593966187691204	0.00878654449722047	-0.607547450626728	1.00000000000000	0.000000000000000	0.000000000000000	0.000000000000000	0.000000000000000	0.000000000000000	0.000000000000000	0.000000000000000	0.000000000000000	0.000000000000000	0.000000000000000	0.000000000000000	0.000000000000000	0.000000000000000	0.000000000000000	0.000000000000000	0.000000000000000	0.000000000000000	0.000000000000000	0.000000000000000	0.000000000000000	0.000000000000000	0.000000000000000	0.000000000000000	0.000000000000000	0.000000000000000	0.000000000000000	0.000000000000000	0.000000000000000	0.000000000000000	0.000000000000000
0.000000000000000	0.000000000000000	0.000000000000000	-0.000134925839875362	0.137007510842217	0.702030080464985	1.00000000000000	0.000000000000000	0.000000000000000	0.000000000000000	0.000000000000000	0.000000000000000	0.000000000000000	0.000000000000000	0.000000000000000	0.000000000000000	0.000000000000000	0.000000000000000	0.000000000000000	0.000000000000000	0.000000000000000	0.000000000000000	0.000000000000000	0.000000000000000	0.000000000000000	0.000000000000000	0.000000000000000	0.000000000000000	0.000000000000000	0.000000000000000	0.000000000000000	0.000000000000000	0.000000000000000	0.000000000000000	0.000000000000000	0.000000000000000
0.000000000000000	0.000000000000000	0.000000000000000	0.000000000000000	-0.0173740167429436	-0.0716524194384782	-0.133272905866100	1.00000000000000	0.000000000000000	0.000000000000000	0.000000000000000	0.000000000000000	0.000000000000000	0.000000000000000	0.000000000000000	0.000000000000000	0.000000000000000	0.000000000000000	0.000000000000000	0.000000000000000	0.000000000000000	0.000000000000000	0.000000000000000	0.000000000000000	0.000000000000000	0.000000000000000	0.000000000000000	0.000000000000000	0.000000000000000	0.000000000000000	0.000000000000000	0.000000000000000	0.000000000000000	0.000000000000000	0.000000000000000	0.000000000000000
0.000000000000000	0.000000000000000	0.000000000000000	0.000000000000000	0.000000000000000	0.0531211002412811	0.505812515722134	0.000321435175556546	1.00000000000000	0.000000000000000	0.000000000000000	0.000000000000000	0.000000000000000	0.000000000000000	0.000000000000000	0.000000000000000	0.000000000000000	0.000000000000000	0.000000000000000	0.000000000000000	0.000000000000000	0.000000000000000	0.000000000000000	0.000000000000000	0.000000000000000	0.000000000000000	0.000000000000000	0.000000000000000	0.000000000000000	0.000000000000000	0.000000000000000	0.000000000000000	0.000000000000000	0.000000000000000	0.000000000000000	0.000000000000000
0.000000000000000	0.000000000000000	0.000000000000000	0.000000000000000	0.000000000000000	0.000000000000000	0.00248943651188477	0.00613604411579093	-0.839368709247154	1.00000000000000	0.000000000000000	0.000000000000000	0.000000000000000	0.000000000000000	0.000000000000000	0.000000000000000	0.000000000000000	0.000000000000000	0.000000000000000	0.000000000000000	0.000000000000000	0.000000000000000	0.000000000000000	0.000000000000000	0.000000000000000	0.000000000000000	0.000000000000000	0.000000000000000	0.000000000000000	0.000000000000000	0.000000000000000	0.000000000000000	0.000000000000000	0.000000000000000	0.000000000000000	0.000000000000000
0.000000000000000	0.000000000000000	0.000000000000000	0.000000000000000	0.000000000000000	0.000000000000000	0.000000000000000	0.00134441361179695	-0.191980063574590	0.820662832063148	1.00000000000000	0.000000000000000	0.000000000000000	0.000000000000000	0.000000000000000	0.000000000000000	0.000000000000000	0.000000000000000	0.000000000000000	0.000000000000000	0.000000000000000	0.000000000000000	0.000000000000000	0.000000000000000	0.000000000000000	0.000000000000000	0.000000000000000	0.000000000000000	0.000000000000000	0.000000000000000	0.000000000000000	0.000000000000000	0.000000000000000	0.000000000000000	0.000000000000000	0.000000000000000
0.000000000000000	0.000000000000000	0.000000000000000	0.000000000000000	0.000000000000000	0.000000000000000	0.000000000000000	0.000000000000000	-0.0153815528090799	0.0167515511159405	0.476903628380417	1.00000000000000	0.000000000000000	0.000000000000000	0.000000000000000	0.000000000000000	0.000000000000000	0.000000000000000	0.000000000000000	0.000000000000000	0.000000000000000	0.000000000000000	0.000000000000000	0.000000000000000	0.000000000000000	0.000000000000000	0.000000000000000	0.000000000000000	0.000000000000000	0.000000000000000	0.000000000000000	0.000000000000000	0.000000000000000	0.000000000000000	0.000000000000000	0.000000000000000
0.000000000000000	0.000000000000000	0.000000000000000	0.000000000000000	0.000000000000000	0.000000000000000	0.000000000000000	0.000000000000000	0.000000000000000	-0.00633443914837104	0.306190112977804	-0.449542803274002	1.00000000000000	0.000000000000000	0.000000000000000	0.000000000000000	0.000000000000000	0.000000000000000	0.000000000000000	0.000000000000000	0.000000000000000	0.000000000000000	0.000000000000000	0.000000000000000	0.000000000000000	0.000000000000000	0.000000000000000	0.000000000000000	0.000000000000000	0.000000000000000	0.000000000000000	0.000000000000000	0.000000000000000	0.000000000000000	0.000000000000000	0.000000000000000
0.000000000000000	0.000000000000000	0.000000000000000	0.000000000000000	0.000000000000000	0.000000000000000	0.000000000000000	0.000000000000000	0.000000000000000	0.000000000000000	0.00401354865282196	0.00627961876141466	-0.828600565076413	1.00000000000000	0.000000000000000	0.000000000000000	0.000000000000000	0.000000000000000	0.000000000000000	0.000000000000000	0.000000000000000	0.000000000000000	0.000000000000000	0.000000000000000	0.000000000000000	0.000000000000000	0.000000000000000	0.000000000000000	0.000000000000000	0.000000000000000	0.000000000000000	0.000000000000000	0.000000000000000	0.000000000000000	0.000000000000000	0.000000000000000
0.000000000000000	0.000000000000000	0.000000000000000	0.000000000000000	0.000000000000000	0.000000000000000	0.000000000000000	0.000000000000000	0.000000000000000	0.000000000000000	0.000000000000000	0.00523563313498357	-0.269830066456870	0.849173405832216	1.00000000000000	0.000000000000000	0.000000000000000	0.000000000000000	0.000000000000000	0.000000000000000	0.000000000000000	0.000000000000000	0.000000000000000	0.000000000000000	0.000000000000000	0.000000000000000	0.000000000000000	0.000000000000000	0.000000000000000	0.000000000000000	0.000000000000000	0.000000000000000	0.000000000000000	0.000000000000000	0.000000000000000	0.000000000000000
0.000000000000000	0.000000000000000	0.000000000000000	0.000000000000000	0.000000000000000	0.000000000000000	0.000000000000000	0.000000000000000	0.000000000000000	0.000000000000000	0.000000000000000	0.000000000000000	0.000243184751358468	-0.000753122566092061	0.519319345515257	1.00000000000000	0.000000000000000	0.000000000000000	0.000000000000000	0.000000000000000	0.000000000000000	0.000000000000000	0.000000000000000	0.000000000000000	0.000000000000000	0.000000000000000	0.000000000000000	0.000000000000000	0.000000000000000	0.000000000000000	0.000000000000000	0.000000000000000	0.000000000000000	0.000000000000000	0.000000000000000	0.000000000000000
0.000000000000000	0.000000000000000	0.000000000000000	0.000000000000000	0.000000000000000	0.000000000000000	0.000000000000000	0.000000000000000	0.000000000000000	0.000000000000000	0.000000000000000	0.000000000000000	0.000000000000000	0.000783008874728725	0.166408841481566	-0.519808081146737	1.00000000000000	0.000000000000000	0.000000000000000	0.000000000000000	0.000000000000000	0.000000000000000	0.000000000000000	0.000000000000000	0.000000000000000	0.000000000000000	0.000000000000000	0.000000000000000	0.000000000000000	0.000000000000000	0.000000000000000	0.000000000000000	0.000000000000000	0.000000000000000	0.000000000000000	0.000000000000000
0.000000000000000	0.000000000000000	0.000000000000000	0.000000000000000	0.000000000000000	0.000000000000000	0.000000000000000	0.000000000000000	0.000000000000000	0.000000000000000	0.000000000000000	0.000000000000000	0.000000000000000	0.000000000000000	9.35520161550207e-005	0.000167547545348071	-0.520362836145860	1.00000000000000	0.000000000000000	0.000000000000000	0.000000000000000	0.000000000000000	0.000000000000000	0.000000000000000	0.000000000000000	0.000000000000000	0.000000000000000	0.000000000000000	0.000000000000000	0.000000000000000	0.000000000000000	0.000000000000000	0.000000000000000	0.000000000000000	0.000000000000000	0.000000000000000
0.000000000000000	0.000000000000000	0.000000000000000	0.000000000000000	0.000000000000000	0.000000000000000	0.000000000000000	0.000000000000000	0.000000000000000	0.000000000000000	0.000000000000000	0.000000000000000	0.000000000000000	0.000000000000000	0.000000000000000	8.42835842634508e-005	0.155961956355817	0.520605099578524	1.00000000000000	0.000000000000000	0.000000000000000	0.000000000000000	0.000000000000000	0.000000000000000	0.000000000000000	0.000000000000000	0.000000000000000	0.000000000000000	0.000000000000000	0.000000000000000	0.000000000000000	0.000000000000000	0.000000000000000	0.000000000000000	0.000000000000000	0.000000000000000
0.000000000000000	0.000000000000000	0.000000000000000	0.000000000000000	0.000000000000000	0.000000000000000	0.000000000000000	0.000000000000000	0.000000000000000	0.000000000000000	0.000000000000000	0.000000000000000	0.000000000000000	0.000000000000000	0.000000000000000	0.000000000000000	3.17784744730914e-005	-6.13490799184435e-005	0.880864702570977	1.00000000000000	0.000000000000000	0.000000000000000	0.000000000000000	0.000000000000000	0.000000000000000	0.000000000000000	0.000000000000000	0.000000000000000	0.000000000000000	0.000000000000000	0.000000000000000	0.000000000000000	0.000000000000000	0.000000000000000	0.000000000000000	0.000000000000000
0.000000000000000	0.000000000000000	0.000000000000000	0.000000000000000	0.000000000000000	0.000000000000000	0.000000000000000	0.000000000000000	0.000000000000000	0.000000000000000	0.000000000000000	0.000000000000000	0.000000000000000	0.000000000000000	0.000000000000000	0.000000000000000	0.000000000000000	5.42964289392164e-005	-0.353190097360879	-0.880847525006386	1.00000000000000	0.000000000000000	0.000000000000000	0.000000000000000	0.000000000000000	0.000000000000000	0.000000000000000	0.000000000000000	0.000000000000000	0.000000000000000	0.000000000000000	0.000000000000000	0.000000000000000	0.000000000000000	0.000000000000000	0.000000000000000
0.000000000000000	0.000000000000000	0.000000000000000	0.000000000000000	0.000000000000000	0.000000000000000	0.000000000000000	0.000000000000000	0.000000000000000	0.000000000000000	0.000000000000000	0.000000000000000	0.000000000000000	0.000000000000000	0.000000000000000	0.000000000000000	0.000000000000000	0.000000000000000	-6.40584328731241e-151	-6.49584568809119e-150	-0.742506593904947	1.00000000000000	0.000000000000000	0.000000000000000	0.000000000000000	0.000000000000000	0.000000000000000	0.000000000000000	0.000000000000000	0.000000000000000	0.000000000000000	0.000000000000000	0.000000000000000	0.000000000000000	0.000000000000000	0.000000000000000
0.000000000000000	0.000000000000000	0.000000000000000	0.000000000000000	0.000000000000000	0.000000000000000	0.000000000000000	0.000000000000000	0.000000000000000	0.000000000000000	0.000000000000000	0.000000000000000	0.000000000000000	0.000000000000000	0.000000000000000	0.000000000000000	0.000000000000000	0.000000000000000	0.000000000000000	-6.72005568564535e-150	0.0183487516612779	0.756446627326125	1.00000000000000	0.000000000000000	0.000000000000000	0.000000000000000	0.000000000000000	0.000000000000000	0.000000000000000	0.000000000000000	0.000000000000000	0.000000000000000	0.000000000000000	0.000000000000000	0.000000000000000	0.000000000000000
0.000000000000000	0.000000000000000	0.000000000000000	0.000000000000000	0.000000000000000	0.000000000000000	0.000000000000000	0.000000000000000	0.000000000000000	0.000000000000000	0.000000000000000	0.000000000000000	0.000000000000000	0.000000000000000	0.000000000000000	0.000000000000000	0.000000000000000	0.000000000000000	0.000000000000000	0.000000000000000	-0.0239239018949890	0.000924573651047466	0.887628188365932	1.00000000000000	0.000000000000000	0.000000000000000	0.000000000000000	0.000000000000000	0.000000000000000	0.000000000000000	0.000000000000000	0.000000000000000	0.000000000000000	0.000000000000000	0.000000000000000	0.000000000000000
0.000000000000000	0.000000000000000	0.000000000000000	0.000000000000000	0.000000000000000	0.000000000000000	0.000000000000000	0.000000000000000	0.000000000000000	0.000000000000000	0.000000000000000	0.000000000000000	0.000000000000000	0.000000000000000	0.000000000000000	0.000000000000000	0.000000000000000	0.000000000000000	0.000000000000000	0.000000000000000	0.000000000000000	0.0252876278625650	1.07589103481747	0.110438123821983	1.00000000000000	0.000000000000000	0.000000000000000	0.000000000000000	0.000000000000000	0.000000000000000	0.000000000000000	0.000000000000000	0.000000000000000	0.000000000000000	0.000000000000000	0.000000000000000
0.000000000000000	0.000000000000000	0.000000000000000	0.000000000000000	0.000000000000000	0.000000000000000	0.000000000000000	0.000000000000000	0.000000000000000	0.000000000000000	0.000000000000000	0.000000000000000	0.000000000000000	0.000000000000000	0.000000000000000	0.000000000000000	0.000000000000000	0.000000000000000	0.000000000000000	0.000000000000000	0.000000000000000	0.000000000000000	-0.380686888894101	-0.198733621237280	6.96742355757286	1.00000000000000	0.000000000000000	0.000000000000000	0.000000000000000	0.000000000000000	0.000000000000000	0.000000000000000	0.000000000000000	0.000000000000000	0.000000000000000	0.000000000000000
0.000000000000000	0.000000000000000	0.000000000000000	0.000000000000000	0.000000000000000	0.000000000000000	0.000000000000000	0.000000000000000	0.000000000000000	0.000000000000000	0.000000000000000	0.000000000000000	0.000000000000000	0.000000000000000	0.000000000000000	0.000000000000000	0.000000000000000	0.000000000000000	0.000000000000000	0.000000000000000	0.000000000000000	0.000000000000000	0.000000000000000	-0.873850280046203	109.215146983234	17.2844001330575	1.00000000000000	0.000000000000000	0.000000000000000	0.000000000000000	0.000000000000000	0.000000000000000	0.000000000000000	0.000000000000000	0.000000000000000	0.000000000000000
0.000000000000000	0.000000000000000	0.000000000000000	0.000000000000000	0.000000000000000	0.000000000000000	0.000000000000000	0.000000000000000	0.000000000000000	0.000000000000000	0.000000000000000	0.000000000000000	0.000000000000000	0.000000000000000	0.000000000000000	0.000000000000000	0.000000000000000	0.000000000000000	0.000000000000000	0.000000000000000	0.000000000000000	0.000000000000000	0.000000000000000	0.000000000000000	51.6890480127740	7.85560408358363	2.47958276732478	1.00000000000000	0.000000000000000	0.000000000000000	0.000000000000000	0.000000000000000	0.000000000000000	0.000000000000000	0.000000000000000	0.000000000000000
0.000000000000000	0.000000000000000	0.000000000000000	0.000000000000000	0.000000000000000	0.000000000000000	0.000000000000000	0.000000000000000	0.000000000000000	0.000000000000000	0.000000000000000	0.000000000000000	0.000000000000000	0.000000000000000	0.000000000000000	0.000000000000000	0.000000000000000	0.000000000000000	0.000000000000000	0.000000000000000	0.000000000000000	0.000000000000000	0.000000000000000	0.000000000000000	0.000000000000000	0.0658894276258585	-4.29281237638352	-2.16738870977586	1.00000000000000	0.000000000000000	0.000000000000000	0.000000000000000	0.000000000000000	0.000000000000000	0.000000000000000	0.000000000000000
0.000000000000000	0.000000000000000	0.000000000000000	0.000000000000000	0.000000000000000	0.000000000000000	0.000000000000000	0.000000000000000	0.000000000000000	0.000000000000000	0.000000000000000	0.000000000000000	0.000000000000000	0.000000000000000	0.000000000000000	0.000000000000000	0.000000000000000	0.000000000000000	0.000000000000000	0.000000000000000	0.000000000000000	0.000000000000000	0.000000000000000	0.000000000000000	0.000000000000000	0.000000000000000	0.265891746999644	0.100672284917185	-0.580536496067702	1.00000000000000	0.000000000000000	0.000000000000000	0.000000000000000	0.000000000000000	0.000000000000000	0.000000000000000
0.000000000000000	0.000000000000000	0.000000000000000	0.000000000000000	0.000000000000000	0.000000000000000	0.000000000000000	0.000000000000000	0.000000000000000	0.000000000000000	0.000000000000000	0.000000000000000	0.000000000000000	0.000000000000000	0.000000000000000	0.000000000000000	0.000000000000000	0.000000000000000	0.000000000000000	0.000000000000000	0.000000000000000	0.000000000000000	0.000000000000000	0.000000000000000	0.000000000000000	0.000000000000000	0.000000000000000	0.0124045277204495	0.207400912340089	0.550619326284751	1.00000000000000	0.000000000000000	0.000000000000000	0.000000000000000	0.000000000000000	0.000000000000000
0.000000000000000	0.000000000000000	0.000000000000000	0.000000000000000	0.000000000000000	0.000000000000000	0.000000000000000	0.000000000000000	0.000000000000000	0.000000000000000	0.000000000000000	0.000000000000000	0.000000000000000	0.000000000000000	0.000000000000000	0.000000000000000	0.000000000000000	0.000000000000000	0.000000000000000	0.000000000000000	0.000000000000000	0.000000000000000	0.000000000000000	0.000000000000000	0.000000000000000	0.000000000000000	0.000000000000000	0.000000000000000	-0.000830056624917427	0.0195108052715435	1.24652230145644	1.00000000000000	0.000000000000000	0.000000000000000	0.000000000000000	0.000000000000000
0.000000000000000	0.000000000000000	0.000000000000000	0.000000000000000	0.000000000000000	0.000000000000000	0.000000000000000	0.000000000000000	0.000000000000000	0.000000000000000	0.000000000000000	0.000000000000000	0.000000000000000	0.000000000000000	0.000000000000000	0.000000000000000	0.000000000000000	0.000000000000000	0.000000000000000	0.000000000000000	0.000000000000000	0.000000000000000	0.000000000000000	0.000000000000000	0.000000000000000	0.000000000000000	0.000000000000000	0.000000000000000	0.000000000000000	-0.0348137029763373	-1.10697924356629	-1.21868133877585	1.00000000000000	0.000000000000000	0.000000000000000	0.000000000000000
0.000000000000000	0.000000000000000	0.000000000000000	0.000000000000000	0.000000000000000	0.000000000000000	0.000000000000000	0.000000000000000	0.000000000000000	0.000000000000000	0.000000000000000	0.000000000000000	0.000000000000000	0.000000000000000	0.000000000000000	0.000000000000000	0.000000000000000	0.000000000000000	0.000000000000000	0.000000000000000	0.000000000000000	0.000000000000000	0.000000000000000	0.000000000000000	0.000000000000000	0.000000000000000	0.000000000000000	0.000000000000000	0.000000000000000	0.000000000000000	0.00210688886145858	0.00270933186910451	-859.941987979402	1.00000000000000	0.000000000000000	0.000000000000000
0.000000000000000	0.000000000000000	0.000000000000000	0.000000000000000	0.000000000000000	0.000000000000000	0.000000000000000	0.000000000000000	0.000000000000000	0.000000000000000	0.000000000000000	0.000000000000000	0.000000000000000	0.000000000000000	0.000000000000000	0.000000000000000	0.000000000000000	0.000000000000000	0.000000000000000	0.000000000000000	0.000000000000000	0.000000000000000	0.000000000000000	0.000000000000000	0.000000000000000	0.000000000000000	0.000000000000000	0.000000000000000	0.000000000000000	0.000000000000000	0.000000000000000	1.59512040073213	-782948.949628046	910.556125835375	1.00000000000000	0.000000000000000
0.000000000000000	0.000000000000000	0.000000000000000	0.000000000000000	0.000000000000000	0.000000000000000	0.000000000000000	0.000000000000000	0.000000000000000	0.000000000000000	0.000000000000000	0.000000000000000	0.000000000000000	0.000000000000000	0.000000000000000	0.000000000000000	0.000000000000000	0.000000000000000	0.000000000000000	0.000000000000000	0.000000000000000	0.000000000000000	0.000000000000000	0.000000000000000	0.000000000000000	0.000000000000000	0.000000000000000	0.000000000000000	0.000000000000000	0.000000000000000	0.000000000000000	0.000000000000000	5857.73302083376	-6.81282250950255	-0.0610003851366417	1.00000000000000
0.000000000000000	0.000000000000000	0.000000000000000	0.000000000000000	0.000000000000000	0.000000000000000	0.000000000000000	0.000000000000000	0.000000000000000	0.000000000000000	0.000000000000000	0.000000000000000	0.000000000000000	0.000000000000000	0.000000000000000	0.000000000000000	0.000000000000000	0.000000000000000	0.000000000000000	0.000000000000000	0.000000000000000	0.000000000000000	0.000000000000000	0.000000000000000	0.000000000000000	0.000000000000000	0.000000000000000	0.000000000000000	0.000000000000000	0.000000000000000	0.000000000000000	0.000000000000000	0.000000000000000	0.00328602367110201	0.424029492350727	0.0386983047749965

Matrix A
0.000000000000000
