
Date:4/4/2010
Time:15:25:31
Output format: Text
Calculations precision: 128

Initial Quadrature
Quadrature Nodes
(-0.9974504194,0.0000000000)	(-0.9974504194,0.0000000000)
(-0.9898313490,0.0000000000)	(-0.9898313490,0.0000000000)
(-0.9772313968,0.0000000000)	(-0.9772313968,0.0000000000)
(-0.9597968937,0.0000000000)	(-0.9597968937,0.0000000000)
(-0.9377298857,0.0000000000)	(-0.9377298857,0.0000000000)
(-0.9112853568,0.0000000000)	(-0.9112853568,0.0000000000)
(-0.8807677135,0.0000000000)	(-0.8807677135,0.0000000000)
(-0.8465265739,0.0000000000)	(-0.8465265739,0.0000000000)
(-0.8089519105,0.0000000000)	(-0.8089519105,0.0000000000)
(-0.7684686055,0.0000000000)	(-0.7684686055,0.0000000000)
(-0.7255304851,0.0000000000)	(-0.7255304851,0.0000000000)
(-0.6806139072,0.0000000000)	(-0.6806139072,0.0000000000)
(-0.6342109853,0.0000000000)	(-0.6342109853,0.0000000000)
(-0.5868225376,0.0000000000)	(-0.5868225376,0.0000000000)
(-0.5389508592,0.0000000000)	(-0.5389508592,0.0000000000)
(-0.4910924226,0.0000000000)	(-0.4910924226,0.0000000000)
(-0.4437306178,0.0000000000)	(-0.4437306178,0.0000000000)
(-0.3973286519,0.0000000000)	(-0.3973286519,0.0000000000)
(-0.3523227305,0.0000000000)	(-0.3523227305,0.0000000000)
(-0.3091156486,0.0000000000)	(-0.3091156486,0.0000000000)
(-0.2680709167,0.0000000000)	(-0.2680709167,0.0000000000)
(-0.2295075419,0.0000000000)	(-0.2295075419,0.0000000000)
(-0.1936955708,0.0000000000)	(-0.1936955708,0.0000000000)
(-0.1608524803,0.0000000000)	(-0.1608524803,0.0000000000)
(-0.1311404689,0.0000000000)	(-0.1311404689,0.0000000000)
(-0.1046646648,0.0000000000)	(-0.1046646648,0.0000000000)
(-0.08147221469,0.0000000000)	(-0.08147221469,0.0000000000)
(-0.06155216668,0.0000000000)	(-0.06155216668,0.0000000000)
(-0.04483600727,0.0000000000)	(-0.04483600727,0.0000000000)
(-0.03119865958,0.0000000000)	(-0.03119865958,0.0000000000)
(-0.02045970823,0.0000000000)	(-0.02045970823,0.0000000000)
(-0.01238457975,0.0000000000)	(-0.01238457975,0.0000000000)
(-0.006685377972,0.0000000000)	(-0.006685377972,0.0000000000)
(-0.003021044192,0.0000000000)	(-0.003021044192,0.0000000000)
(-0.0009964867656,0.0000000000)	(-0.0009964867656,0.0000000000)
(-0.0001604290443,0.0000000000)	(-0.0001604290443,0.0000000000)
Quadrature Weights
0.0006011851326	0.001489676391
0.002377955808	0.005799438730
0.005258847846	0.01231651928
0.009115747183	0.02035087091
0.01379614095	0.02871460307
0.01909561899	0.03650579722
0.02480102670	0.04262583096
0.03067824883	0.04627854686
0.03648374525	0.04705063286
0.04199654961	0.04468433280
0.04699303151	0.03953400674
0.05128755018	0.03218600452
0.05473064794	0.02351340900
0.05719389920	0.01467773181
0.05861468644	0.006777670050
0.05896400145	0.0008918165245
0.05824641416	-0.002138136787
0.05653352425	-0.001793623682
0.05391471462	0.002042606184
0.05050461102	0.009027681867
0.04646712573	0.01853829095
0.04196123827	0.02952168598
0.03714531058	0.04070192868
0.03220289607	0.05095172779
0.02729580501	0.05905288585
0.02255508652	0.06394957368
0.01811375090	0.06524755304
0.01408398406	0.06284539270
0.01053199271	0.05682912082
0.007502310316	0.04800121289
0.005028245858	0.03765860085
0.003110873969	0.02691698243
0.001715807086	0.01679869193
0.0007898460296	0.008543040244
0.0002641653680	0.003166816042
4.341446447e-005	0.0007410808133

Vector_Stieltjes_procedure ...
0.0000000000	0.0000000000	-0.4811252243	1.000000000
0.0000000000	0.06481481481	-0.1565108801	1.000000000
-0.02193079125	0.04584129220	-0.5464787246	1.000000000
0.001244227279	0.05787802120	-0.4227734108	1.000000000
-0.005006110256	0.06292624434	-0.4891068465	1.000000000
-0.0006657588551	0.06357355575	-0.3945962145	1.000000000
-0.006584780023	0.06415093213	-0.4842093738	1.000000000
-0.0008024931614	0.06429730125	-0.3893581701	1.000000000
-0.006878207093	0.06447573516	-0.4827560404	1.000000000
-0.0008443570997	0.06453028969	-0.3875681097	1.000000000
-0.006977394843	0.06467110959	-0.4815076163	1.000000000
-0.0009423409406	0.06424370445	-0.4533337597	1.000000000
-0.002411962271	0.1239433959	1.246812869	1.000000000
-0.2527110497	-3.993939445	-2.791221491	1.000000000
0.04752395436	0.03039437035	-2.163342423	1.000000000
0.03548080054	-5.255546980	0.2337721699	1.000000000
-6.289111758	2.618112918	0.1105211575	1.000000000
-1.144198197	0.4674622537	-0.4036941439	1.000000000
0.01640609663	0.3675993315	-0.8220057965	1.000000000
-0.007361604630	-0.01061163480	2.887073035	1.000000000
0.06240597500	-12.88834502	-4.254897026	1.000000000
1.454324052	0.4058258985	-0.2729055943	1.000000000
0.03674652124	0.03006131019	-0.5447956381	1.000000000
-0.0003199017332	-0.001158669819	0.06609527272	1.000000000
0.0001351912492	-0.03567031580	-0.5377716898	1.000000000
0.0003463131949	0.004492633960	-0.3955429242	1.000000000
0.001469928987	0.3761804231	-0.8877934586	1.000000000
0.03269432959	-0.1135688896	-2.026033897	1.000000000
-0.06785048013	-2.916659650	1.458609173	1.000000000
0.6112286374	-0.3826326481	-0.4727168200	1.000000000
0.01975749620	0.1406972886	-0.3159010399	1.000000000
0.001751747537	0.01407093784	-0.2809330436	1.000000000
-0.0008468270946	0.02638838776	-0.2005065094	1.000000000
6.332875000e-005	0.0009034361393	-0.02093356413	1.000000000
-2.816469107e-005	0.0004230549362	-0.02490174409	1.000000000
1.982680201e-008	3.354134878e-005	-0.006119771482	0.0000000000
Matrix from Quadrature
-0.4811252243	1.000000000	0.0000000000	0.0000000000	0.0000000000	0.0000000000	0.0000000000	0.0000000000	0.0000000000	0.0000000000	0.0000000000	0.0000000000	0.0000000000	0.0000000000	0.0000000000	0.0000000000	0.0000000000	0.0000000000	0.0000000000	0.0000000000	0.0000000000	0.0000000000	0.0000000000	0.0000000000	0.0000000000	0.0000000000	0.0000000000	0.0000000000	0.0000000000	0.0000000000	0.0000000000	0.0000000000	0.0000000000	0.0000000000	0.0000000000	0.0000000000
0.06481481481	-0.1565108801	1.000000000	0.0000000000	0.0000000000	0.0000000000	0.0000000000	0.0000000000	0.0000000000	0.0000000000	0.0000000000	0.0000000000	0.0000000000	0.0000000000	0.0000000000	0.0000000000	0.0000000000	0.0000000000	0.0000000000	0.0000000000	0.0000000000	0.0000000000	0.0000000000	0.0000000000	0.0000000000	0.0000000000	0.0000000000	0.0000000000	0.0000000000	0.0000000000	0.0000000000	0.0000000000	0.0000000000	0.0000000000	0.0000000000	0.0000000000
-0.02193079125	0.04584129220	-0.5464787246	1.000000000	0.0000000000	0.0000000000	0.0000000000	0.0000000000	0.0000000000	0.0000000000	0.0000000000	0.0000000000	0.0000000000	0.0000000000	0.0000000000	0.0000000000	0.0000000000	0.0000000000	0.0000000000	0.0000000000	0.0000000000	0.0000000000	0.0000000000	0.0000000000	0.0000000000	0.0000000000	0.0000000000	0.0000000000	0.0000000000	0.0000000000	0.0000000000	0.0000000000	0.0000000000	0.0000000000	0.0000000000	0.0000000000
0.0000000000	0.001244227279	0.05787802120	-0.4227734108	1.000000000	0.0000000000	0.0000000000	0.0000000000	0.0000000000	0.0000000000	0.0000000000	0.0000000000	0.0000000000	0.0000000000	0.0000000000	0.0000000000	0.0000000000	0.0000000000	0.0000000000	0.0000000000	0.0000000000	0.0000000000	0.0000000000	0.0000000000	0.0000000000	0.0000000000	0.0000000000	0.0000000000	0.0000000000	0.0000000000	0.0000000000	0.0000000000	0.0000000000	0.0000000000	0.0000000000	0.0000000000
0.0000000000	0.0000000000	-0.005006110256	0.06292624434	-0.4891068465	1.000000000	0.0000000000	0.0000000000	0.0000000000	0.0000000000	0.0000000000	0.0000000000	0.0000000000	0.0000000000	0.0000000000	0.0000000000	0.0000000000	0.0000000000	0.0000000000	0.0000000000	0.0000000000	0.0000000000	0.0000000000	0.0000000000	0.0000000000	0.0000000000	0.0000000000	0.0000000000	0.0000000000	0.0000000000	0.0000000000	0.0000000000	0.0000000000	0.0000000000	0.0000000000	0.0000000000
0.0000000000	0.0000000000	0.0000000000	-0.0006657588551	0.06357355575	-0.3945962145	1.000000000	0.0000000000	0.0000000000	0.0000000000	0.0000000000	0.0000000000	0.0000000000	0.0000000000	0.0000000000	0.0000000000	0.0000000000	0.0000000000	0.0000000000	0.0000000000	0.0000000000	0.0000000000	0.0000000000	0.0000000000	0.0000000000	0.0000000000	0.0000000000	0.0000000000	0.0000000000	0.0000000000	0.0000000000	0.0000000000	0.0000000000	0.0000000000	0.0000000000	0.0000000000
0.0000000000	0.0000000000	0.0000000000	0.0000000000	-0.006584780023	0.06415093213	-0.4842093738	1.000000000	0.0000000000	0.0000000000	0.0000000000	0.0000000000	0.0000000000	0.0000000000	0.0000000000	0.0000000000	0.0000000000	0.0000000000	0.0000000000	0.0000000000	0.0000000000	0.0000000000	0.0000000000	0.0000000000	0.0000000000	0.0000000000	0.0000000000	0.0000000000	0.0000000000	0.0000000000	0.0000000000	0.0000000000	0.0000000000	0.0000000000	0.0000000000	0.0000000000
0.0000000000	0.0000000000	0.0000000000	0.0000000000	0.0000000000	-0.0008024931614	0.06429730125	-0.3893581701	1.000000000	0.0000000000	0.0000000000	0.0000000000	0.0000000000	0.0000000000	0.0000000000	0.0000000000	0.0000000000	0.0000000000	0.0000000000	0.0000000000	0.0000000000	0.0000000000	0.0000000000	0.0000000000	0.0000000000	0.0000000000	0.0000000000	0.0000000000	0.0000000000	0.0000000000	0.0000000000	0.0000000000	0.0000000000	0.0000000000	0.0000000000	0.0000000000
0.0000000000	0.0000000000	0.0000000000	0.0000000000	0.0000000000	0.0000000000	-0.006878207093	0.06447573516	-0.4827560404	1.000000000	0.0000000000	0.0000000000	0.0000000000	0.0000000000	0.0000000000	0.0000000000	0.0000000000	0.0000000000	0.0000000000	0.0000000000	0.0000000000	0.0000000000	0.0000000000	0.0000000000	0.0000000000	0.0000000000	0.0000000000	0.0000000000	0.0000000000	0.0000000000	0.0000000000	0.0000000000	0.0000000000	0.0000000000	0.0000000000	0.0000000000
0.0000000000	0.0000000000	0.0000000000	0.0000000000	0.0000000000	0.0000000000	0.0000000000	-0.0008443570997	0.06453028969	-0.3875681097	1.000000000	0.0000000000	0.0000000000	0.0000000000	0.0000000000	0.0000000000	0.0000000000	0.0000000000	0.0000000000	0.0000000000	0.0000000000	0.0000000000	0.0000000000	0.0000000000	0.0000000000	0.0000000000	0.0000000000	0.0000000000	0.0000000000	0.0000000000	0.0000000000	0.0000000000	0.0000000000	0.0000000000	0.0000000000	0.0000000000
0.0000000000	0.0000000000	0.0000000000	0.0000000000	0.0000000000	0.0000000000	0.0000000000	0.0000000000	-0.006977394843	0.06467110959	-0.4815076163	1.000000000	0.0000000000	0.0000000000	0.0000000000	0.0000000000	0.0000000000	0.0000000000	0.0000000000	0.0000000000	0.0000000000	0.0000000000	0.0000000000	0.0000000000	0.0000000000	0.0000000000	0.0000000000	0.0000000000	0.0000000000	0.0000000000	0.0000000000	0.0000000000	0.0000000000	0.0000000000	0.0000000000	0.0000000000
0.0000000000	0.0000000000	0.0000000000	0.0000000000	0.0000000000	0.0000000000	0.0000000000	0.0000000000	0.0000000000	-0.0009423409406	0.06424370445	-0.4533337597	1.000000000	0.0000000000	0.0000000000	0.0000000000	0.0000000000	0.0000000000	0.0000000000	0.0000000000	0.0000000000	0.0000000000	0.0000000000	0.0000000000	0.0000000000	0.0000000000	0.0000000000	0.0000000000	0.0000000000	0.0000000000	0.0000000000	0.0000000000	0.0000000000	0.0000000000	0.0000000000	0.0000000000
0.0000000000	0.0000000000	0.0000000000	0.0000000000	0.0000000000	0.0000000000	0.0000000000	0.0000000000	0.0000000000	0.0000000000	-0.002411962271	0.1239433959	1.246812869	1.000000000	0.0000000000	0.0000000000	0.0000000000	0.0000000000	0.0000000000	0.0000000000	0.0000000000	0.0000000000	0.0000000000	0.0000000000	0.0000000000	0.0000000000	0.0000000000	0.0000000000	0.0000000000	0.0000000000	0.0000000000	0.0000000000	0.0000000000	0.0000000000	0.0000000000	0.0000000000
0.0000000000	0.0000000000	0.0000000000	0.0000000000	0.0000000000	0.0000000000	0.0000000000	0.0000000000	0.0000000000	0.0000000000	0.0000000000	-0.2527110497	-3.993939445	-2.791221491	1.000000000	0.0000000000	0.0000000000	0.0000000000	0.0000000000	0.0000000000	0.0000000000	0.0000000000	0.0000000000	0.0000000000	0.0000000000	0.0000000000	0.0000000000	0.0000000000	0.0000000000	0.0000000000	0.0000000000	0.0000000000	0.0000000000	0.0000000000	0.0000000000	0.0000000000
0.0000000000	0.0000000000	0.0000000000	0.0000000000	0.0000000000	0.0000000000	0.0000000000	0.0000000000	0.0000000000	0.0000000000	0.0000000000	0.0000000000	0.04752395436	0.03039437035	-2.163342423	1.000000000	0.0000000000	0.0000000000	0.0000000000	0.0000000000	0.0000000000	0.0000000000	0.0000000000	0.0000000000	0.0000000000	0.0000000000	0.0000000000	0.0000000000	0.0000000000	0.0000000000	0.0000000000	0.0000000000	0.0000000000	0.0000000000	0.0000000000	0.0000000000
0.0000000000	0.0000000000	0.0000000000	0.0000000000	0.0000000000	0.0000000000	0.0000000000	0.0000000000	0.0000000000	0.0000000000	0.0000000000	0.0000000000	0.0000000000	0.03548080054	-5.255546980	0.2337721699	1.000000000	0.0000000000	0.0000000000	0.0000000000	0.0000000000	0.0000000000	0.0000000000	0.0000000000	0.0000000000	0.0000000000	0.0000000000	0.0000000000	0.0000000000	0.0000000000	0.0000000000	0.0000000000	0.0000000000	0.0000000000	0.0000000000	0.0000000000
0.0000000000	0.0000000000	0.0000000000	0.0000000000	0.0000000000	0.0000000000	0.0000000000	0.0000000000	0.0000000000	0.0000000000	0.0000000000	0.0000000000	0.0000000000	0.0000000000	-6.289111758	2.618112918	0.1105211575	1.000000000	0.0000000000	0.0000000000	0.0000000000	0.0000000000	0.0000000000	0.0000000000	0.0000000000	0.0000000000	0.0000000000	0.0000000000	0.0000000000	0.0000000000	0.0000000000	0.0000000000	0.0000000000	0.0000000000	0.0000000000	0.0000000000
0.0000000000	0.0000000000	0.0000000000	0.0000000000	0.0000000000	0.0000000000	0.0000000000	0.0000000000	0.0000000000	0.0000000000	0.0000000000	0.0000000000	0.0000000000	0.0000000000	0.0000000000	-1.144198197	0.4674622537	-0.4036941439	1.000000000	0.0000000000	0.0000000000	0.0000000000	0.0000000000	0.0000000000	0.0000000000	0.0000000000	0.0000000000	0.0000000000	0.0000000000	0.0000000000	0.0000000000	0.0000000000	0.0000000000	0.0000000000	0.0000000000	0.0000000000
0.0000000000	0.0000000000	0.0000000000	0.0000000000	0.0000000000	0.0000000000	0.0000000000	0.0000000000	0.0000000000	0.0000000000	0.0000000000	0.0000000000	0.0000000000	0.0000000000	0.0000000000	0.0000000000	0.01640609663	0.3675993315	-0.8220057965	1.000000000	0.0000000000	0.0000000000	0.0000000000	0.0000000000	0.0000000000	0.0000000000	0.0000000000	0.0000000000	0.0000000000	0.0000000000	0.0000000000	0.0000000000	0.0000000000	0.0000000000	0.0000000000	0.0000000000
0.0000000000	0.0000000000	0.0000000000	0.0000000000	0.0000000000	0.0000000000	0.0000000000	0.0000000000	0.0000000000	0.0000000000	0.0000000000	0.0000000000	0.0000000000	0.0000000000	0.0000000000	0.0000000000	0.0000000000	-0.007361604630	-0.01061163480	2.887073035	1.000000000	0.0000000000	0.0000000000	0.0000000000	0.0000000000	0.0000000000	0.0000000000	0.0000000000	0.0000000000	0.0000000000	0.0000000000	0.0000000000	0.0000000000	0.0000000000	0.0000000000	0.0000000000
0.0000000000	0.0000000000	0.0000000000	0.0000000000	0.0000000000	0.0000000000	0.0000000000	0.0000000000	0.0000000000	0.0000000000	0.0000000000	0.0000000000	0.0000000000	0.0000000000	0.0000000000	0.0000000000	0.0000000000	0.0000000000	0.06240597500	-12.88834502	-4.254897026	1.000000000	0.0000000000	0.0000000000	0.0000000000	0.0000000000	0.0000000000	0.0000000000	0.0000000000	0.0000000000	0.0000000000	0.0000000000	0.0000000000	0.0000000000	0.0000000000	0.0000000000
0.0000000000	0.0000000000	0.0000000000	0.0000000000	0.0000000000	0.0000000000	0.0000000000	0.0000000000	0.0000000000	0.0000000000	0.0000000000	0.0000000000	0.0000000000	0.0000000000	0.0000000000	0.0000000000	0.0000000000	0.0000000000	0.0000000000	1.454324052	0.4058258985	-0.2729055943	1.000000000	0.0000000000	0.0000000000	0.0000000000	0.0000000000	0.0000000000	0.0000000000	0.0000000000	0.0000000000	0.0000000000	0.0000000000	0.0000000000	0.0000000000	0.0000000000
0.0000000000	0.0000000000	0.0000000000	0.0000000000	0.0000000000	0.0000000000	0.0000000000	0.0000000000	0.0000000000	0.0000000000	0.0000000000	0.0000000000	0.0000000000	0.0000000000	0.0000000000	0.0000000000	0.0000000000	0.0000000000	0.0000000000	0.0000000000	0.03674652124	0.03006131019	-0.5447956381	1.000000000	0.0000000000	0.0000000000	0.0000000000	0.0000000000	0.0000000000	0.0000000000	0.0000000000	0.0000000000	0.0000000000	0.0000000000	0.0000000000	0.0000000000
0.0000000000	0.0000000000	0.0000000000	0.0000000000	0.0000000000	0.0000000000	0.0000000000	0.0000000000	0.0000000000	0.0000000000	0.0000000000	0.0000000000	0.0000000000	0.0000000000	0.0000000000	0.0000000000	0.0000000000	0.0000000000	0.0000000000	0.0000000000	0.0000000000	-0.0003199017332	-0.001158669819	0.06609527272	1.000000000	0.0000000000	0.0000000000	0.0000000000	0.0000000000	0.0000000000	0.0000000000	0.0000000000	0.0000000000	0.0000000000	0.0000000000	0.0000000000
0.0000000000	0.0000000000	0.0000000000	0.0000000000	0.0000000000	0.0000000000	0.0000000000	0.0000000000	0.0000000000	0.0000000000	0.0000000000	0.0000000000	0.0000000000	0.0000000000	0.0000000000	0.0000000000	0.0000000000	0.0000000000	0.0000000000	0.0000000000	0.0000000000	0.0000000000	0.0001351912492	-0.03567031580	-0.5377716898	1.000000000	0.0000000000	0.0000000000	0.0000000000	0.0000000000	0.0000000000	0.0000000000	0.0000000000	0.0000000000	0.0000000000	0.0000000000
0.0000000000	0.0000000000	0.0000000000	0.0000000000	0.0000000000	0.0000000000	0.0000000000	0.0000000000	0.0000000000	0.0000000000	0.0000000000	0.0000000000	0.0000000000	0.0000000000	0.0000000000	0.0000000000	0.0000000000	0.0000000000	0.0000000000	0.0000000000	0.0000000000	0.0000000000	0.0000000000	0.0003463131949	0.004492633960	-0.3955429242	1.000000000	0.0000000000	0.0000000000	0.0000000000	0.0000000000	0.0000000000	0.0000000000	0.0000000000	0.0000000000	0.0000000000
0.0000000000	0.0000000000	0.0000000000	0.0000000000	0.0000000000	0.0000000000	0.0000000000	0.0000000000	0.0000000000	0.0000000000	0.0000000000	0.0000000000	0.0000000000	0.0000000000	0.0000000000	0.0000000000	0.0000000000	0.0000000000	0.0000000000	0.0000000000	0.0000000000	0.0000000000	0.0000000000	0.0000000000	0.001469928987	0.3761804231	-0.8877934586	1.000000000	0.0000000000	0.0000000000	0.0000000000	0.0000000000	0.0000000000	0.0000000000	0.0000000000	0.0000000000
0.0000000000	0.0000000000	0.0000000000	0.0000000000	0.0000000000	0.0000000000	0.0000000000	0.0000000000	0.0000000000	0.0000000000	0.0000000000	0.0000000000	0.0000000000	0.0000000000	0.0000000000	0.0000000000	0.0000000000	0.0000000000	0.0000000000	0.0000000000	0.0000000000	0.0000000000	0.0000000000	0.0000000000	0.0000000000	0.03269432959	-0.1135688896	-2.026033897	1.000000000	0.0000000000	0.0000000000	0.0000000000	0.0000000000	0.0000000000	0.0000000000	0.0000000000
0.0000000000	0.0000000000	0.0000000000	0.0000000000	0.0000000000	0.0000000000	0.0000000000	0.0000000000	0.0000000000	0.0000000000	0.0000000000	0.0000000000	0.0000000000	0.0000000000	0.0000000000	0.0000000000	0.0000000000	0.0000000000	0.0000000000	0.0000000000	0.0000000000	0.0000000000	0.0000000000	0.0000000000	0.0000000000	0.0000000000	-0.06785048013	-2.916659650	1.458609173	1.000000000	0.0000000000	0.0000000000	0.0000000000	0.0000000000	0.0000000000	0.0000000000
0.0000000000	0.0000000000	0.0000000000	0.0000000000	0.0000000000	0.0000000000	0.0000000000	0.0000000000	0.0000000000	0.0000000000	0.0000000000	0.0000000000	0.0000000000	0.0000000000	0.0000000000	0.0000000000	0.0000000000	0.0000000000	0.0000000000	0.0000000000	0.0000000000	0.0000000000	0.0000000000	0.0000000000	0.0000000000	0.0000000000	0.0000000000	0.6112286374	-0.3826326481	-0.4727168200	1.000000000	0.0000000000	0.0000000000	0.0000000000	0.0000000000	0.0000000000
0.0000000000	0.0000000000	0.0000000000	0.0000000000	0.0000000000	0.0000000000	0.0000000000	0.0000000000	0.0000000000	0.0000000000	0.0000000000	0.0000000000	0.0000000000	0.0000000000	0.0000000000	0.0000000000	0.0000000000	0.0000000000	0.0000000000	0.0000000000	0.0000000000	0.0000000000	0.0000000000	0.0000000000	0.0000000000	0.0000000000	0.0000000000	0.0000000000	0.01975749620	0.1406972886	-0.3159010399	1.000000000	0.0000000000	0.0000000000	0.0000000000	0.0000000000
0.0000000000	0.0000000000	0.0000000000	0.0000000000	0.0000000000	0.0000000000	0.0000000000	0.0000000000	0.0000000000	0.0000000000	0.0000000000	0.0000000000	0.0000000000	0.0000000000	0.0000000000	0.0000000000	0.0000000000	0.0000000000	0.0000000000	0.0000000000	0.0000000000	0.0000000000	0.0000000000	0.0000000000	0.0000000000	0.0000000000	0.0000000000	0.0000000000	0.0000000000	0.001751747537	0.01407093784	-0.2809330436	1.000000000	0.0000000000	0.0000000000	0.0000000000
0.0000000000	0.0000000000	0.0000000000	0.0000000000	0.0000000000	0.0000000000	0.0000000000	0.0000000000	0.0000000000	0.0000000000	0.0000000000	0.0000000000	0.0000000000	0.0000000000	0.0000000000	0.0000000000	0.0000000000	0.0000000000	0.0000000000	0.0000000000	0.0000000000	0.0000000000	0.0000000000	0.0000000000	0.0000000000	0.0000000000	0.0000000000	0.0000000000	0.0000000000	0.0000000000	-0.0008468270946	0.02638838776	-0.2005065094	1.000000000	0.0000000000	0.0000000000
0.0000000000	0.0000000000	0.0000000000	0.0000000000	0.0000000000	0.0000000000	0.0000000000	0.0000000000	0.0000000000	0.0000000000	0.0000000000	0.0000000000	0.0000000000	0.0000000000	0.0000000000	0.0000000000	0.0000000000	0.0000000000	0.0000000000	0.0000000000	0.0000000000	0.0000000000	0.0000000000	0.0000000000	0.0000000000	0.0000000000	0.0000000000	0.0000000000	0.0000000000	0.0000000000	0.0000000000	6.332875000e-005	0.0009034361393	-0.02093356413	1.000000000	0.0000000000
0.0000000000	0.0000000000	0.0000000000	0.0000000000	0.0000000000	0.0000000000	0.0000000000	0.0000000000	0.0000000000	0.0000000000	0.0000000000	0.0000000000	0.0000000000	0.0000000000	0.0000000000	0.0000000000	0.0000000000	0.0000000000	0.0000000000	0.0000000000	0.0000000000	0.0000000000	0.0000000000	0.0000000000	0.0000000000	0.0000000000	0.0000000000	0.0000000000	0.0000000000	0.0000000000	0.0000000000	0.0000000000	-2.816469107e-005	0.0004230549362	-0.02490174409	1.000000000
0.0000000000	0.0000000000	0.0000000000	0.0000000000	0.0000000000	0.0000000000	0.0000000000	0.0000000000	0.0000000000	0.0000000000	0.0000000000	0.0000000000	0.0000000000	0.0000000000	0.0000000000	0.0000000000	0.0000000000	0.0000000000	0.0000000000	0.0000000000	0.0000000000	0.0000000000	0.0000000000	0.0000000000	0.0000000000	0.0000000000	0.0000000000	0.0000000000	0.0000000000	0.0000000000	0.0000000000	0.0000000000	0.0000000000	1.982680201e-008	3.354134878e-005	-0.006119771482

Matrix A
0.0000000000
