1
100
0.0	1.0	
0.5	0.0	1.0	
0.25	0.0	1.0	
0.25	0.0	1.0	
0.25	0.0	1.0	
0.25	0.0	1.0	
0.25	0.0	1.0	
0.25	0.0	1.0	
0.25	0.0	1.0	
0.25	0.0	1.0	
0.25	0.0	1.0	
0.25	0.0	1.0	
0.25	0.0	1.0	
0.25	0.0	1.0	
0.25	0.0	1.0	
0.25	0.0	1.0	
0.25	0.0	1.0	
0.25	0.0	1.0	
0.25	0.0	1.0	
0.25	0.0	1.0	
0.25	0.0	1.0	
0.25	0.0	1.0	
0.25	0.0	1.0	
0.25	0.0	1.0	
0.25	0.0	1.0	
0.25	0.0	1.0	
0.25	0.0	1.0	
0.25	0.0	1.0	
0.25	0.0	1.0	
0.25	0.0	1.0	
0.25	0.0	1.0	
0.25	0.0	1.0	
0.25	0.0	1.0	
0.25	0.0	1.0	
0.25	0.0	1.0	
0.25	0.0	1.0	
0.25	0.0	1.0	
0.25	0.0	1.0	
0.25	0.0	1.0	
0.25	0.0	1.0	
0.25	0.0	1.0	
0.25	0.0	1.0	
0.25	0.0	1.0	
0.25	0.0	1.0	
0.25	0.0	1.0	
0.25	0.0	1.0	
0.25	0.0	1.0	
0.25	0.0	1.0	
0.25	0.0	1.0	
0.25	0.0	1.0	
0.25	0.0	1.0	
0.25	0.0	1.0	
0.25	0.0	1.0	
0.25	0.0	1.0	
0.25	0.0	1.0	
0.25	0.0	1.0	
0.25	0.0	1.0	
0.25	0.0	1.0	
0.25	0.0	1.0	
0.25	0.0	1.0	
0.25	0.0	1.0	
0.25	0.0	1.0	
0.25	0.0	1.0	
0.25	0.0	1.0	
0.25	0.0	1.0	
0.25	0.0	1.0	
0.25	0.0	1.0	
0.25	0.0	1.0	
0.25	0.0	1.0	
0.25	0.0	1.0	
0.25	0.0	1.0	
0.25	0.0	1.0	
0.25	0.0	1.0	
0.25	0.0	1.0	
0.25	0.0	1.0	
0.25	0.0	1.0	
0.25	0.0	1.0	
0.25	0.0	1.0	
0.25	0.0	1.0	
0.25	0.0	1.0	
0.25	0.0	1.0	
0.25	0.0	1.0	
0.25	0.0	1.0	
0.25	0.0	1.0	
0.25	0.0	1.0	
0.25	0.0	1.0	
0.25	0.0	1.0	
0.25	0.0	1.0	
0.25	0.0	1.0	
0.25	0.0	1.0	
0.25	0.0	1.0	
0.25	0.0	1.0	
0.25	0.0	1.0	
0.25	0.0	1.0	
0.25	0.0	1.0	
0.25	0.0	1.0	
0.25	0.0	1.0	
0.25	0.0	1.0	
0.25	0.0	1.0	
0.25	0.0	
Quadrature Nodes
0.9998766324816570350009214962483383715152740478515625	0.9998766324816570350009214962483383715152740478515625
0.99888987496192560566754536921507678925991058349609375	0.99888987496192560566754536921507678925991058349609375
0.9969173337330285988855393952690064907073974609375	0.9969173337330285988855393952690064907073974609375
0.99396095545507556767717005641316063702106475830078125	0.99396095545507556767717005641316063702106475830078125
0.99002365771797096183348685372038744390010833740234375	0.99002365771797096183348685372038744390010833740234375
0.98510932621335689507446886636898852884769439697265625	0.98510932621335689507446886636898852884769439697265625
0.97922281052109616528156266213045455515384674072265625	0.97922281052109616528156266213045455515384674072265625
0.9723699201977857864420684563810937106609344482421875	0.9723699201977857864420684563810937106609344482421875
0.9645574191048942314097303096787072718143463134765625	0.9645574191048942314097303096787072718143463134765625
0.9557930141598234285993385128676891326904296875	0.9557930141598234285993385128676891326904296875
0.94608535917132374759574986455845646560192108154296875	0.94608535917132374759574986455845646560192108154296875
-0.99987663248166558371821110995369963347911834716796875	-0.99987663248166558371821110995369963347911834716796875
-0.998889874961973678324511638493277132511138916015625	-0.998889874961973678324511638493277132511138916015625
-0.99691733373313151655992214728030376136302947998046875	-0.99691733373313151655992214728030376136302947998046875
-0.99396095545518414748897839672281406819820404052734375	-0.99396095545518414748897839672281406819820404052734375
-0.99002365771655664872241686680354177951812744140625	-0.99002365771655664872241686680354177951812744140625
-0.985109326154772535488746143528260290622711181640625	-0.985109326154772535488746143528260290622711181640625
-0.97922281062176796950780044426210224628448486328125	-0.97922281062176796950780044426210224628448486328125
-0.9723699203976912119884445928619243204593658447265625	-0.9723699203976912119884445928619243204593658447265625
-0.96455741845762432706834488271852023899555206298828125	-0.96455741845762432706834488271852023899555206298828125
-0.95579301479841316524499461593222804367542266845703125	-0.95579301479841316524499461593222804367542266845703125
-0.946085358827570832573883308214135468006134033203125	-0.946085358827570832573883308214135468006134033203125
-0.9354440308298943573817041396978311240673065185546875	-0.9354440308298943573817041396978311240673065185546875
-0.92387953251132881593576939849299378693103790283203125	-0.92387953251132881593576939849299378693103790283203125
-0.91140327663553144521557669577305205166339874267578125	-0.91140327663553144521557669577305205166339874267578125
-0.89802757576116309934377568424679338932037353515625	-0.89802757576116309934377568424679338932037353515625
-0.88376563008816033661929623121977783739566802978515625	-0.88376563008816033661929623121977783739566802978515625
-0.86863151441904273841743133743875660002231597900390625	-0.86863151441904273841743133743875660002231597900390625
-0.79968465849821679380937666792306117713451385498046875	-0.79968465849821679380937666792306117713451385498046875
-0.780430407414073545879773519118316471576690673828125	-0.780430407414073545879773519118316471576690673828125
-0.818149717454254687964976255898363888263702392578125	-0.818149717454254687964976255898363888263702392578125
-0.7604059654598895878763187283766455948352813720703125	-0.7604059654598895878763187283766455948352813720703125
-0.83580736126696653087719823815859854221343994140625	-0.83580736126696653087719823815859854221343994140625
-0.7396310950720705879035676844068802893161773681640625	-0.7396310950720705879035676844068802893161773681640625
0.93544403063242642648589253440150059759616851806640625	0.93544403063242642648589253440150059759616851806640625
-0.7181262977331053232177282552584074437618255615234375	-0.7181262977331053232177282552584074437618255615234375
0.92387953256888188935391781342332251369953155517578125	0.92387953256888188935391781342332251369953155517578125
-0.8526401644302785687301593497977592051029205322265625	-0.8526401644302785687301593497977592051029205322265625
-0.69591279659598781481832929785014130175113677978515625	-0.69591279659598781481832929785014130175113677978515625
0.9114032767403312806919757349533028900623321533203125	0.9114032767403312806919757349533028900623321533203125
-0.6730125135114111145639981259591877460479736328125	-0.6730125135114111145639981259591877460479736328125
0.89802757566036250924668138395645655691623687744140625	0.89802757566036250924668138395645655691623687744140625
-0.64944804832871028121843437475035898387432098388671875	-0.64944804832871028121843437475035898387432098388671875
0.883765630124941026224405504763126373291015625	0.883765630124941026224405504763126373291015625
-0.6252426563366235701124651313875801861286163330078125	-0.6252426563366235701124651313875801861286163330078125
0.73963109539279103810116566819488070905208587646484375	0.73963109539279103810116566819488070905208587646484375
0.7604059644652212401894075810560025274753570556640625	0.7604059644652212401894075810560025274753570556640625
0.780430408950972154258352020406164228916168212890625	0.780430408950972154258352020406164228916168212890625
0.79968465724259296667497665112023241817951202392578125	0.79968465724259296667497665112023241817951202392578125
0.7181262976994344793268965077004395425319671630859375	0.7181262976994344793268965077004395425319671630859375
0.86863151440476349396391242407844401895999908447265625	0.86863151440476349396391242407844401895999908447265625
-0.6004202253286969881429513407056219875812530517578125	-0.6004202253286969881429513407056219875812530517578125
-0.57500525204178687399547698078094981610774993896484375	-0.57500525204178687399547698078094981610774993896484375
-0.54902281799808438922383402314153499901294708251953125	-0.54902281799808438922383402314153499901294708251953125
0.81814971787620083265579751241602934896945953369140625	0.81814971787620083265579751241602934896945953369140625
-0.5224985647166724422874040101305581629276275634765625	-0.5224985647166724422874040101305581629276275634765625
0.69591279660046023725072927845758385956287384033203125	0.69591279660046023725072927845758385956287384033203125
0.8358073613512633226463321989285759627819061279296875	0.8358073613512633226463321989285759627819061279296875
-0.495458668430496074197577627273858524858951568603515625	-0.495458668430496074197577627273858524858951568603515625
0.67301251349556323599898632892291061580181121826171875	0.67301251349556323599898632892291061580181121826171875
-0.4679298142437577912033930260804481804370880126953125	-0.4679298142437577912033930260804481804370880126953125
0.649448048342561978785170140326954424381256103515625	0.649448048342561978785170140326954424381256103515625
0.62524265634571929428631165137630887329578399658203125	0.62524265634571929428631165137630887329578399658203125
0.60042022531048555578081504791043698787689208984375	0.60042022531048555578081504791043698787689208984375
0.54902281796924523593617095684749074280261993408203125	0.54902281796924523593617095684749074280261993408203125
-0.439939169833998888758941347987274639308452606201171875	-0.439939169833998888758941347987274639308452606201171875
0.57500525206034291958445692216628231108188629150390625	0.57500525206034291958445692216628231108188629150390625
0.52249856469341005027473556765471585094928741455078125	0.52249856469341005027473556765471585094928741455078125
-0.26387305050239395765032668350613676011562347412109375	-0.26387305050239395765032668350613676011562347412109375
-0.323917418503081699920898017808212898671627044677734375	-0.323917418503081699920898017808212898671627044677734375
-0.29404032465611040780828489005216397345066070556640625	-0.29404032465611040780828489005216397345066070556640625
-0.2334453636945786614287356997010647319257259368896484375	-0.2334453636945786614287356997010647319257259368896484375
-0.353474843804654936807452259017736651003360748291015625	-0.353474843804654936807452259017736651003360748291015625
0.495458668500764642939060422577313147485256195068359375	0.495458668500764642939060422577313147485256195068359375
-0.2027872954009596606628207382527762092649936676025390625	-0.2027872954009596606628207382527762092649936676025390625
0.46792981419623413952280088778934441506862640380859375	0.46792981419623413952280088778934441506862640380859375
-0.171929099989009070981182958348654210567474365234375	-0.171929099989009070981182958348654210567474365234375
0.43993916984138403680759665803634561598300933837890625	0.43993916984138403680759665803634561598300933837890625
-0.0784590957196914795535036546425544656813144683837890625	-0.0784590957196914795535036546425544656813144683837890625
-0.047106450515065352580013069427877780981361865997314453125	-0.047106450515065352580013069427877780981361865997314453125
0.29404032478535413464015846329857595264911651611328125	0.29404032478535413464015846329857595264911651611328125
0.263873049896638345312993578772875480353832244873046875	0.263873049896638345312993578772875480353832244873046875
0.2334453638191418545222433067465317435562610626220703125	0.2334453638191418545222433067465317435562610626220703125
0.2027872953373099085272457386963651515543460845947265625	0.2027872953373099085272457386963651515543460845947265625
-0.382683432143795465574243053197278641164302825927734375	-0.382683432143795465574243053197278641164302825927734375
0.3239174189195648256855974977952428162097930908203125	0.3239174189195648256855974977952428162097930908203125
0.35347484403351125958891998379840515553951263427734375	0.35347484403351125958891998379840515553951263427734375
0.171929100358830522221609271582565270364284515380859375	0.171929100358830522221609271582565270364284515380859375
0.0157073166879957877573037450247284141369163990020751953125	0.0157073166879957877573037450247284141369163990020751953125
0.04710645058824443343059584776710835285484790802001953125	0.04710645058824443343059584776710835285484790802001953125
-0.0157073166649654323567819602658346411772072315216064453125	-0.0157073166649654323567819602658346411772072315216064453125
0.852640164353390961338163833715952932834625244140625	0.852640164353390961338163833715952932834625244140625
0.3826834314002665049514462225488387048244476318359375	0.3826834314002665049514462225488387048244476318359375
0.078459095705476489257534922217018902301788330078125	0.078459095705476489257534922217018902301788330078125
0.10973431131992106291050959043786861002445220947265625	0.10973431131992106291050959043786861002445220947265625
-0.1097343115860232864999801449812366627156734466552734375	-0.1097343115860232864999801449812366627156734466552734375
0.41151435911658384991795855967211537063121795654296875	0.41151435911658384991795855967211537063121795654296875
-0.4115143587736345143213156916317529976367950439453125	-0.4115143587736345143213156916317529976367950439453125
0.1409012319152111725184539636757108382880687713623046875	0.1409012319152111725184539636757108382880687713623046875
-0.14090123192122117057323293920489959418773651123046875	-0.14090123192122117057323293920489959418773651123046875
