2
100
(-0.99965555112293114081722933406126685440540313720703125,0)	(-0.99965555112293114081722933406126685440540313720703125,0)
(-0.99862274721749477723875543233589269220829010009765625,0)	(-0.99862274721749477723875543233589269220829010009765625,0)
(-0.9969032154507504461804501261212863028049468994140625,0)	(-0.9969032154507504461804501261212863028049468994140625,0)
(-0.99449966440269521594785828710882924497127532958984375,0)	(-0.99449966440269521594785828710882924497127532958984375,0)
(-0.99141587902338990101469562432612292468547821044921875,0)	(-0.99141587902338990101469562432612292468547821044921875,0)
(-0.9876567135851075374120000560651533305644989013671875,0)	(-0.9876567135851075374120000560651533305644989013671875,0)
(-0.98322808263953220819786338324774987995624542236328125,0)	(-0.98322808263953220819786338324774987995624542236328125,0)
(-0.97813694999510947258869464349118061363697052001953125,0)	(-0.97813694999510947258869464349118061363697052001953125,0)
(-0.97239131573176040834738387275137938559055328369140625,0)	(-0.97239131573176040834738387275137938559055328369140625,0)
(-0.9660002012740525056955220861709676682949066162109375,0)	(-0.9660002012740525056955220861709676682949066162109375,0)
(-0.95897363254644485408562104566954076290130615234375,0)	(-0.95897363254644485408562104566954076290130615234375,0)
(-0.9513226212377505763839735664078034460544586181640625,0)	(-0.9513226212377505763839735664078034460544586181640625,0)
(-0.943059144204879462591861738474108278751373291015625,0)	(-0.943059144204879462591861738474108278751373291015625,0)
(-0.9341961210490004052786616739467717707157135009765625,0)	(-0.9341961210490004052786616739467717707157135009765625,0)
(-0.9247473899003135766605510070803575217723846435546875,0)	(-0.9247473899003135766605510070803575217723846435546875,0)
(-0.91472768145059102362637304395320825278759002685546875,0)	(-0.91472768145059102362637304395320825278759002685546875,0)
(-0.90415259127567149111115440973662771284580230712890625,0)	(-0.90415259127567149111115440973662771284580230712890625,0)
(-0.893038550492911031852827363763935863971710205078125,0)	(-0.893038550492911031852827363763935863971710205078125,0)
(-0.881402794801651179312784734065644443035125732421875,0)	(-0.881402794801651179312784734065644443035125732421875,0)
(-0.86926333195746974258355521669727750122547149658203125,0)	(-0.86926333195746974258355521669727750122547149658203125,0)
(-0.8566389077339540136790674296207726001739501953125,0)	(-0.8566389077339540136790674296207726001739501953125,0)
(-0.84354897042842835741538465299527160823345184326171875,0)	(-0.84354897042842835741538465299527160823345184326171875,0)
(-0.83001363397092264850840592771419323980808258056640625,0)	(-0.83001363397092264850840592771419323980808258056640625,0)
(-0.816053639698355315346134375431574881076812744140625,0)	(-0.816053639698355315346134375431574881076812744140625,0)
(-0.80169031685866010139562831682269461452960968017578125,0)	(-0.80169031685866010139562831682269461452960968017578125,0)
(-0.78694554191225651873509150391328148543834686279296875,0)	(-0.78694554191225651873509150391328148543834686279296875,0)
(-0.7718416967009369411556463091983459889888763427734375,0)	(-0.7718416967009369411556463091983459889888763427734375,0)
(-0.756401625556891499257972100167535245418548583984375,0)	(-0.756401625556891499257972100167535245418548583984375,0)
(-0.7406485914272387116596974010462872684001922607421875,0)	(-0.7406485914272387116596974010462872684001922607421875,0)
(-0.72460623109200728020340420698630623519420623779296875,0)	(-0.72460623109200728020340420698630623519420623779296875,0)
(-0.70829850955615814012134023869293741881847381591796875,0)	(-0.70829850955615814012134023869293741881847381591796875,0)
(-0.69174967369878415102135704728425480425357818603515625,0)	(-0.69174967369878415102135704728425480425357818603515625,0)
(-0.67498420526520164219874686750699765980243682861328125,0)	(-0.67498420526520164219874686750699765980243682861328125,0)
(-0.65802677329022107866052238023257814347743988037109375,0)	(-0.65802677329022107866052238023257814347743988037109375,0)
(-0.64090218604338311525481231001322157680988311767578125,0)	(-0.64090218604338311525481231001322157680988311767578125,0)
(-0.623635342589477392749586215359158813953399658203125,0)	(-0.623635342589477392749586215359158813953399658203125,0)
(-0.60625118406014333327647136684390716254711151123046875,0)	(-0.60625118406014333327647136684390716254711151123046875,0)
(-0.58877464473475094042242972136591561138629913330078125,0)	(-0.58877464473475094042242972136591561138629913330078125,0)
(-0.571230603031185335538566505420021712779998779296875,0)	(-0.571230603031185335538566505420021712779998779296875,0)
(-0.55364383250941451297677531329100020229816436767578125,0)	(-0.55364383250941451297677531329100020229816436767578125,0)
(-0.5360389529929896479387707586283795535564422607421875,0)	(-0.5360389529929896479387707586283795535564422607421875,0)
(-0.5184403819156877535334615458850748836994171142578125,0)	(-0.5184403819156877535334615458850748836994171142578125,0)
(-0.500872286002429945028779911808669567108154296875,0)	(-0.500872286002429945028779911808669567108154296875,0)
(-0.483358533395387424125289044241071678698062896728515625,0)	(-0.483358533395387424125289044241071678698062896728515625,0)
(-0.465922646337905310698346283970749936997890472412109375,0)	(-0.465922646337905310698346283970749936997890472412109375,0)
(-0.448587754529794546787258013864629901945590972900390625,0)	(-0.448587754529794546787258013864629901945590972900390625,0)
(-0.431376549268455755647977412081672810018062591552734375,0)	(-0.431376549268455755647977412081672810018062591552734375,0)
(-0.4143112384908620438039861255674622952938079833984375,0)	(-0.4143112384908620438039861255674622952938079833984375,0)
(-0.397413502832630605166031045882846228778362274169921875,0)	(-0.397413502832630605166031045882846228778362274169921875,0)
(-0.38070445281804821124893578598857857286930084228515625,0)	(-0.38070445281804821124893578598857857286930084228515625,0)
(-0.364204587296227788595359697865205816924571990966796875,0)	(-0.364204587296227788595359697865205816924571990966796875,0)
(-0.34793375323535424836762786071631126105785369873046875,0)	(-0.34793375323535424836762786071631126105785369873046875,0)
(-0.33191110698521930633120291531668044626712799072265625,0)	(-0.33191110698521930633120291531668044626712799072265625,0)
(-0.31615507713668600242584716397686861455440521240234375,0)	(-0.31615507713668600242584716397686861455440521240234375,0)
(-0.3006833290982624529164013438276015222072601318359375,0)	(-0.3006833290982624529164013438276015222072601318359375,0)
(-0.285512731397994434789922024719999171793460845947265625,0)	(-0.285512731397994434789922024719999171793460845947265625,0)
(-0.27065932364244538188557953617419116199016571044921875,0)	(-0.27065932364244538188557953617419116199016571044921875,0)
(-0.2561382862616852218451413136790506541728973388671875,0)	(-0.2561382862616852218451413136790506541728973388671875,0)
(-0.24196391203501932398722829020698554813861846923828125,0)	(-0.24196391203501932398722829020698554813861846923828125,0)
(-0.228149579087204068539307399987592361867427825927734375,0)	(-0.228149579087204068539307399987592361867427825927734375,0)
(-0.2147077276835252235276385590623249299824237823486328125,0)	(-0.2147077276835252235276385590623249299824237823486328125,0)
(-0.2016498483223514437412404731730930507183074951171875,0)	(-0.2016498483223514437412404731730930507183074951171875,0)
(-0.188986486743437376301102403886034153401851654052734375,0)	(-0.188986486743437376301102403886034153401851654052734375,0)
(-0.176727236647335750330256587403710000216960906982421875,0)	(-0.176727236647335750330256587403710000216960906982421875,0)
(-0.164880570332590126181315781650482676923274993896484375,0)	(-0.164880570332590126181315781650482676923274993896484375,0)
(-0.153453279377382900694470890812226571142673492431640625,0)	(-0.153453279377382900694470890812226571142673492431640625,0)
(-0.1424500885265877203611495360746630467474460601806640625,0)	(-0.1424500885265877203611495360746630467474460601806640625,0)
(0.17514807354213506040974124289277824573218822479248046875e-1,0)	(0.17514807354213506040974124289277824573218822479248046875e-1,0)
(0.17514807354213506040974124289277824573218822479248046875e-1,0)	(0.17514807354213506040974124289277824573218822479248046875e-1,0)
(0.21073616363030435449932298297426314093172550201416015625e-2,0)	(0.21073616363030435449932298297426314093172550201416015625e-2,0)
(0.21073616363030435449932298297426314093172550201416015625e-2,0)	(0.21073616363030435449932298297426314093172550201416015625e-2,0)
(0.247288201703767078487583574997188406996428966522216796875e-1,0)	(0.247288201703767078487583574997188406996428966522216796875e-1,0)
(0.247288201703767078487583574997188406996428966522216796875e-1,0)	(0.247288201703767078487583574997188406996428966522216796875e-1,0)
(0.2051166827460988717479750675920513458549976348876953125e-1,0)	(0.2051166827460988717479750675920513458549976348876953125e-1,0)
(-0.18991047182452203134772616976988501846790313720703125e-1,0)	(-0.18991047182452203134772616976988501846790313720703125e-1,0)
(-0.18991047182452203134772616976988501846790313720703125e-1,0)	(-0.18991047182452203134772616976988501846790313720703125e-1,0)
(-0.415427220051313981531715402439886020147241652011871337890625e-3,0)	(-0.415427220051313981531715402439886020147241652011871337890625e-3,0)
(-0.1791580795466145292760273832755046896636486053466796875e-2,0)	(-0.1791580795466145292760273832755046896636486053466796875e-2,0)
(-0.4131384501139831987026607151847201748751103878021240234375e-2,0)	(-0.4131384501139831987026607151847201748751103878021240234375e-2,0)
(-0.742960430085551175316549432636747951619327068328857421875e-2,0)	(-0.742960430085551175316549432636747951619327068328857421875e-2,0)
(-0.1168016219121155267746114958526959526352584362030029296875e-1,0)	(-0.1168016219121155267746114958526959526352584362030029296875e-1,0)
(-0.168695326843259253701834410321680479682981967926025390625e-1,0)	(-0.168695326843259253701834410321680479682981967926025390625e-1,0)
(-0.13187680938266888031051848884089849889278411865234375,0)	(-0.13187680938266888031051848884089849889278411865234375,0)
(-0.229745549387761656412454414066814933903515338897705078125e-1,0)	(-0.229745549387761656412454414066814933903515338897705078125e-1,0)
(-0.4264658730694016741669116754565038718283176422119140625e-1,0)	(-0.4264658730694016741669116754565038718283176422119140625e-1,0)
(-0.4264658730694016741669116754565038718283176422119140625e-1,0)	(-0.4264658730694016741669116754565038718283176422119140625e-1,0)
(-0.2996873359728280394875810088706202805042266845703125e-1,0)	(-0.2996873359728280394875810088706202805042266845703125e-1,0)
(-0.12175338451334564993100428864636342041194438934326171875,0)	(-0.12175338451334564993100428864636342041194438934326171875,0)
(-0.37832121073767648045116374078133958391845226287841796875e-1,0)	(-0.37832121073767648045116374078133958391845226287841796875e-1,0)
(-0.112126769549951543769594763944041915237903594970703125,0)	(-0.112126769549951543769594763944041915237903594970703125,0)
(-0.46562863360553520541973426816184655763208866119384765625e-1,0)	(-0.46562863360553520541973426816184655763208866119384765625e-1,0)
(-0.6387888492689704211802137479025986976921558380126953125e-1,0)	(-0.6387888492689704211802137479025986976921558380126953125e-1,0)
(-0.6387888492689704211802137479025986976921558380126953125e-1,0)	(-0.6387888492689704211802137479025986976921558380126953125e-1,0)
(-0.102974596934488571431387526899925433099269866943359375,0)	(-0.102974596934488571431387526899925433099269866943359375,0)
(-0.56192903532605142924438723639468662440776824951171875e-1,0)	(-0.56192903532605142924438723639468662440776824951171875e-1,0)
(-0.93849425281278653354632979244343005120754241943359375e-1,0)	(-0.93849425281278653354632979244343005120754241943359375e-1,0)
(-0.667136861738754360917624808280379511415958404541015625e-1,0)	(-0.667136861738754360917624808280379511415958404541015625e-1,0)
(-0.7993588114885501194617489773008855991065502166748046875e-1,0)	(-0.7993588114885501194617489773008855991065502166748046875e-1,0)
(-0.7993588114885501194617489773008855991065502166748046875e-1,0)	(-0.7993588114885501194617489773008855991065502166748046875e-1,0)
(-0.8196198274500303415646129678862052969634532928466796875e-1,0)	(-0.8196198274500303415646129678862052969634532928466796875e-1,0)
5880493145078.81640625	48825984308472.71875
21386801560141.40234375	176505515066060.21875
40929612232357.875	334575038887273.4375
57593182923134.6796875	464996559245013.3125
65728404634993.078125	523177819870736.375
62964108551180.0703125	493792010832778.4375
50826449862190.015625	393239859151312.8125
33766875941798.76953125	259159563353608.625
17118107147376.11328125	133099217449372.140625
4963675090384.0234375	44645084260768.1171875
1131502343879.696044921875	3360564777557.02685546875
2096363142978.035888671875	368097430102.34832763671875
287034634971.20635986328125	16851171280716.45703125
1905339570158.427978515625	34294668175861.31640625
3043228044332.38818359375	41665043108471.171875
2874061641257.70849609375	37225700851865.1875
1929923448081.095703125	25700805473413.45703125
910325251775.3486328125	13498935756765.935546875
242947986856.205596923828125	4908933617257.244140625
16811482583.1959056854248046875	842682808233.2640380859375
34999536715.5117645263671875	140170916920.634613037109375
5694258787.5687389373779296875	23381844642.443355560302734375
17451542037.344074249267578125	165809875372.414398193359375
1029500535.75300467014312744140625	59528045373.8262481689453125
14490011391.8885135650634765625	88332806884.4776763916015625
15489779543.21271514892578125	123160915878.303619384765625
7997023645.83785152435302734375	70201493549.799072265625
1783524435.9752733707427978515625	15961918566.229335784912109375
130954741.4510320723056793212890625	2816014032.949836254119873046875
52102964.920890145003795623779296875	1001410850.3002178668975830078125
193297367.29206120967864990234375	1421577036.2089436054229736328125
29060452.874265499413013458251953125	537512353.12755477428436279296875
48834707.758170358836650848388671875	233237883.7724055349826812744140625
7567008.77126933820545673370361328125	94980149.97501064836978912353515625
48508781.5806355178356170654296875	408087837.909197330474853515625
38844959.7051826417446136474609375	309816118.355543613433837890625
21358165.0077259726822376251220703125	137667221.8869415819644927978515625
10481738.99804818816483020782470703125	52333747.089846961200237274169921875
1702248.5302396542392671108245849609375	5669896.380559162236750125885009765625
2328316.75032554380595684051513671875	15988697.3555045761168003082275390625
1034502.317454020376317203044891357421875	8964643.2401438988745212554931640625
696919.928311983472667634487152099609375	3073716.408439646475017070770263671875
765870.955005306401289999485015869140625	5173133.88300870917737483978271484375
302906.0500997972558252513408660888671875	2102964.4097559251822531223297119140625
4259.140969020108968834392726421356201171875	156685.31640260884887538850307464599609375
60377.2324460335148614831268787384033203125	315175.03267430816777050495147705078125
40688.905837316633551381528377532958984375	403463.1409301289240829646587371826171875
67298.890208662240183912217617034912109375	443971.4206479527056217193603515625
4275.3296556298737414181232452392578125	9511.9633414207564783282577991485595703125
22208.00717228561188676394522190093994140625	117900.39961765264160931110382080078125
2140.06932736037697395659051835536956787109375	283.8101573237053116827155463397502899169921875
5038.675852267724621924571692943572998046875	22074.3772008882879163138568401336669921875
502.02482904181209732996649108827114105224609375	3172.28105911103784819715656340122222900390625
51.30609579868816894077099277637898921966552734375	779.28325045634164780494756996631622314453125
983.00571243420336031704209744930267333984375	4218.5388565692746851709671318531036376953125
797.36433429699900443665683269500732421875	3132.3290712712414460838772356510162353515625
17.416178082004503124835537164472043514251708984375	349.27410824989414095398387871682643890380859375
237.969627495221772051081643439829349517822265625	843.376374430834630402387119829654693603515625
20.142577785358724895559134893119335174560546875	215.317864408954363852899405173957347869873046875
256.16595493496623703322256915271282196044921875	835.3208719960215375976986251771450042724609375
3.923495804732838987405330044566653668880462646484375	56.0767333247583366073740762658417224884033203125
64.898200679190523487704922445118427276611328125	267.0925034489491736167110502719879150390625
74.5877144488948715661535970866680145263671875	142.72009795863823455874808132648468017578125
6.32364694179846509314302238635718822479248046875	2.9494397831548848643024030025117099285125732421875
6.44621327737826543824439795571379363536834716796875	42.8225578299033458051781053654849529266357421875
0.98972566796716388015653365073376335203647613525390625	4.364337170296455070683805388398468494415283203125
18.8978765091577400880851200781762599945068359375	40.2831024272960718235481181181967258453369140625
0.269430113380872693351619773238780908286571502685546875e-1	0.1729384922877978507382845663187254103831946849822998046875e-2
0.26943011338084764394462666814433760009706020355224609375e-1	0.1729384922876157915094808004141668789088726043701171875e-2
0.440659930544455569201289790726150386035442352294921875e-2	0.51030091548406271428905967013633926399052143096923828125e-1
0.4406599305444569569800705721718259155750274658203125e-2	0.51030091548403565260283443194566643796861171722412109375e-1
0.124951127811882591045478108071620226837694644927978515625e-1	0.143140814398670900009502560124019510112702846527099609375e-1
0.12495112781194202267176507348267477937042713165283203125e-1	0.14314081439869709433398980991114513017237186431884765625e-1
0.33997217848810233620238108187550096772611141204833984375e-1	0.159722188989228804090192426201610942371189594268798828125e-1
0.15391228901773690296295171719975769519805908203125	0.1197719199850670601659174963060650043189525604248046875
0.153912289017728187712208409720915369689464569091796875	0.11977191998508092407593750294836354441940784454345703125
0.230716557583444219214907633386246743611991405487060546875e-1	0.110838592045271123651649369801219791042967699468135833740234375e-3
0.2708379700028785974641465372769744135439395904541015625e-1	0.471350272998322127916692725335678915143944323062896728515625e-3
0.157554891363360149991734715513302944600582122802734375	0.1029784799317914369132243024296258226968348026275634765625e-1
0.21687046391757856811377536132567911408841609954833984375e-1	0.3588495851420940726227148953597634317702613770961761474609375e-3
0.152619114601622640758904481117497198283672332763671875	0.250846762230766719137253772942131035961210727691650390625e-1
0.57257398469253949213619847569134435616433620452880859375e-1	0.1244658080450178859466259240207364200614392757415771484375e-1
6.09919348635157820837093822774477303028106689453125	14.93011994747187287657652632333338260650634765625
0.844064931569130927346833459523622877895832061767578125e-1	0.237819376043094006523137551312174764461815357208251953125e-1
0.77981368218009716741789816296659409999847412109375e-2	0.279883091844412401627550934790633618831634521484375
0.77981368218430768823878906914615072309970855712890625e-2	0.279883091844390585745117050464614294469356536865234375
0.55464825582919353996746991697364137507975101470947265625e-1	0.159731368012264139666367412928593694232404232025146484375e-1
2.837843367560827001483403364545665681362152099609375	1.445546880053544924749076017178595066070556640625
0.1568179062122480316165962221930385567247867584228515625	0.10339894552193917842686232688720338046550750732421875
0.9691602318977714514147692170809023082256317138671875	0.12059109053160026181483743812350439839065074920654296875
0.55684224980898966439468722455785609781742095947265625	0.363776251472706591005845666586537845432758331298828125
0.8246903962661984721638219753003795631229877471923828125e-2	0.226864348686558525702849919980508275330066680908203125
0.8246903962605460491896991470639477483928203582763671875e-2	0.22686434868650007246060340548865497112274169921875
3.0929110906241366052427110844291746616363525390625	5.0902593011922707688654554658569395542144775390625
0.69864933637952686407146529745659790933132171630859375	0.7522291082796812577981881986488588154315948486328125
1.0114938781071465268013298555160872638225555419921875	2.607956619531381026177996318438090384006500244140625
0.247536314679228042212599802951444871723651885986328125	0.8857538019253709260514284551391028799116611480712890625e-1
0.70679851942285132349041987254167906939983367919921875	0.56601123942339215400210150619386695325374603271484375
0.7067985194229617906813700756174512207508087158203125	0.56601123942352937756794517554226331412792205810546875
0.1842315476420620934394634105046861805021762847900390625	0.62912185891907401735778648799168877303600311279296875
Operator Matrix
0	0	5880493145078.81640625	48825984308472.71875
48825984308472.71875	21386801560141.40234375	176505515066060.21875	40929612232357.875
40929612232357.875	334575038887273.4375	57593182923134.6796875	464996559245013.3125
464996559245013.3125	65728404634993.078125	523177819870736.375	62964108551180.0703125
62964108551180.0703125	493792010832778.4375	50826449862190.015625	393239859151312.8125
393239859151312.8125	33766875941798.76953125	259159563353608.625	17118107147376.11328125
17118107147376.11328125	133099217449372.140625	4963675090384.0234375	44645084260768.1171875
44645084260768.1171875	1131502343879.696044921875	3360564777557.02685546875	2096363142978.035888671875
2096363142978.035888671875	368097430102.34832763671875	287034634971.20635986328125	16851171280716.45703125
16851171280716.45703125	1905339570158.427978515625	34294668175861.31640625	3043228044332.38818359375
3043228044332.38818359375	41665043108471.171875	2874061641257.70849609375	37225700851865.1875
37225700851865.1875	1929923448081.095703125	25700805473413.45703125	910325251775.3486328125
910325251775.3486328125	13498935756765.935546875	242947986856.205596923828125	4908933617257.244140625
4908933617257.244140625	16811482583.1959056854248046875	842682808233.2640380859375	34999536715.5117645263671875
34999536715.5117645263671875	140170916920.634613037109375	5694258787.5687389373779296875	23381844642.443355560302734375
23381844642.443355560302734375	17451542037.344074249267578125	165809875372.414398193359375	1029500535.75300467014312744140625
1029500535.75300467014312744140625	59528045373.8262481689453125	14490011391.8885135650634765625	88332806884.4776763916015625
88332806884.4776763916015625	15489779543.21271514892578125	123160915878.303619384765625	7997023645.83785152435302734375
7997023645.83785152435302734375	70201493549.799072265625	1783524435.9752733707427978515625	15961918566.229335784912109375
15961918566.229335784912109375	130954741.4510320723056793212890625	2816014032.949836254119873046875	52102964.920890145003795623779296875
52102964.920890145003795623779296875	1001410850.3002178668975830078125	193297367.29206120967864990234375	1421577036.2089436054229736328125
1421577036.2089436054229736328125	29060452.874265499413013458251953125	537512353.12755477428436279296875	48834707.758170358836650848388671875
48834707.758170358836650848388671875	233237883.7724055349826812744140625	7567008.77126933820545673370361328125	94980149.97501064836978912353515625
94980149.97501064836978912353515625	48508781.5806355178356170654296875	408087837.909197330474853515625	38844959.7051826417446136474609375
38844959.7051826417446136474609375	309816118.355543613433837890625	21358165.0077259726822376251220703125	137667221.8869415819644927978515625
137667221.8869415819644927978515625	10481738.99804818816483020782470703125	52333747.089846961200237274169921875	1702248.5302396542392671108245849609375
1702248.5302396542392671108245849609375	5669896.380559162236750125885009765625	2328316.75032554380595684051513671875	15988697.3555045761168003082275390625
15988697.3555045761168003082275390625	1034502.317454020376317203044891357421875	8964643.2401438988745212554931640625	696919.928311983472667634487152099609375
696919.928311983472667634487152099609375	3073716.408439646475017070770263671875	765870.955005306401289999485015869140625	5173133.88300870917737483978271484375
5173133.88300870917737483978271484375	302906.0500997972558252513408660888671875	2102964.4097559251822531223297119140625	4259.140969020108968834392726421356201171875
4259.140969020108968834392726421356201171875	156685.31640260884887538850307464599609375	60377.2324460335148614831268787384033203125	315175.03267430816777050495147705078125
315175.03267430816777050495147705078125	40688.905837316633551381528377532958984375	403463.1409301289240829646587371826171875	67298.890208662240183912217617034912109375
67298.890208662240183912217617034912109375	443971.4206479527056217193603515625	4275.3296556298737414181232452392578125	9511.9633414207564783282577991485595703125
9511.9633414207564783282577991485595703125	22208.00717228561188676394522190093994140625	117900.39961765264160931110382080078125	2140.06932736037697395659051835536956787109375
2140.06932736037697395659051835536956787109375	283.8101573237053116827155463397502899169921875	5038.675852267724621924571692943572998046875	22074.3772008882879163138568401336669921875
22074.3772008882879163138568401336669921875	502.02482904181209732996649108827114105224609375	3172.28105911103784819715656340122222900390625	51.30609579868816894077099277637898921966552734375
51.30609579868816894077099277637898921966552734375	779.28325045634164780494756996631622314453125	983.00571243420336031704209744930267333984375	4218.5388565692746851709671318531036376953125
4218.5388565692746851709671318531036376953125	797.36433429699900443665683269500732421875	3132.3290712712414460838772356510162353515625	17.416178082004503124835537164472043514251708984375
17.416178082004503124835537164472043514251708984375	349.27410824989414095398387871682643890380859375	237.969627495221772051081643439829349517822265625	843.376374430834630402387119829654693603515625
843.376374430834630402387119829654693603515625	20.142577785358724895559134893119335174560546875	215.317864408954363852899405173957347869873046875	256.16595493496623703322256915271282196044921875
256.16595493496623703322256915271282196044921875	835.3208719960215375976986251771450042724609375	3.923495804732838987405330044566653668880462646484375	56.0767333247583366073740762658417224884033203125
56.0767333247583366073740762658417224884033203125	64.898200679190523487704922445118427276611328125	267.0925034489491736167110502719879150390625	74.5877144488948715661535970866680145263671875
74.5877144488948715661535970866680145263671875	142.72009795863823455874808132648468017578125	6.32364694179846509314302238635718822479248046875	2.9494397831548848643024030025117099285125732421875
2.9494397831548848643024030025117099285125732421875	6.44621327737826543824439795571379363536834716796875	42.8225578299033458051781053654849529266357421875	0.98972566796716388015653365073376335203647613525390625
0.98972566796716388015653365073376335203647613525390625	4.364337170296455070683805388398468494415283203125	18.8978765091577400880851200781762599945068359375	40.2831024272960718235481181181967258453369140625
40.2831024272960718235481181181967258453369140625	0.269430113380872693351619773238780908286571502685546875e-1	0.1729384922877978507382845663187254103831946849822998046875e-2	0.26943011338084764394462666814433760009706020355224609375e-1
0.26943011338084764394462666814433760009706020355224609375e-1	0.1729384922876157915094808004141668789088726043701171875e-2	0.440659930544455569201289790726150386035442352294921875e-2	0.51030091548406271428905967013633926399052143096923828125e-1
0.51030091548406271428905967013633926399052143096923828125e-1	0.4406599305444569569800705721718259155750274658203125e-2	0.51030091548403565260283443194566643796861171722412109375e-1	0.124951127811882591045478108071620226837694644927978515625e-1
0.124951127811882591045478108071620226837694644927978515625e-1	0.143140814398670900009502560124019510112702846527099609375e-1	0.12495112781194202267176507348267477937042713165283203125e-1	0.14314081439869709433398980991114513017237186431884765625e-1
0.14314081439869709433398980991114513017237186431884765625e-1	0.33997217848810233620238108187550096772611141204833984375e-1	0.159722188989228804090192426201610942371189594268798828125e-1	0.15391228901773690296295171719975769519805908203125
0.15391228901773690296295171719975769519805908203125	0.1197719199850670601659174963060650043189525604248046875	0.153912289017728187712208409720915369689464569091796875	0.11977191998508092407593750294836354441940784454345703125
0.11977191998508092407593750294836354441940784454345703125	0.230716557583444219214907633386246743611991405487060546875e-1	0.110838592045271123651649369801219791042967699468135833740234375e-3	0.2708379700028785974641465372769744135439395904541015625e-1
0.2708379700028785974641465372769744135439395904541015625e-1	0.471350272998322127916692725335678915143944323062896728515625e-3	0.157554891363360149991734715513302944600582122802734375	0.1029784799317914369132243024296258226968348026275634765625e-1
0.1029784799317914369132243024296258226968348026275634765625e-1	0.21687046391757856811377536132567911408841609954833984375e-1	0.3588495851420940726227148953597634317702613770961761474609375e-3	0.152619114601622640758904481117497198283672332763671875
0.152619114601622640758904481117497198283672332763671875	0.250846762230766719137253772942131035961210727691650390625e-1	0.57257398469253949213619847569134435616433620452880859375e-1	0.1244658080450178859466259240207364200614392757415771484375e-1
0.1244658080450178859466259240207364200614392757415771484375e-1	6.09919348635157820837093822774477303028106689453125	14.93011994747187287657652632333338260650634765625	0.844064931569130927346833459523622877895832061767578125e-1
0.844064931569130927346833459523622877895832061767578125e-1	0.237819376043094006523137551312174764461815357208251953125e-1	0.77981368218009716741789816296659409999847412109375e-2	0.279883091844412401627550934790633618831634521484375
0.279883091844412401627550934790633618831634521484375	0.77981368218430768823878906914615072309970855712890625e-2	0.279883091844390585745117050464614294469356536865234375	0.55464825582919353996746991697364137507975101470947265625e-1
0.55464825582919353996746991697364137507975101470947265625e-1	0.159731368012264139666367412928593694232404232025146484375e-1	2.837843367560827001483403364545665681362152099609375	1.445546880053544924749076017178595066070556640625
1.445546880053544924749076017178595066070556640625	0.1568179062122480316165962221930385567247867584228515625	0.10339894552193917842686232688720338046550750732421875	0.9691602318977714514147692170809023082256317138671875
0.9691602318977714514147692170809023082256317138671875	0.12059109053160026181483743812350439839065074920654296875	0.55684224980898966439468722455785609781742095947265625	0.363776251472706591005845666586537845432758331298828125
0.363776251472706591005845666586537845432758331298828125	0.8246903962661984721638219753003795631229877471923828125e-2	0.226864348686558525702849919980508275330066680908203125	0.8246903962605460491896991470639477483928203582763671875e-2
0.8246903962605460491896991470639477483928203582763671875e-2	0.22686434868650007246060340548865497112274169921875	3.0929110906241366052427110844291746616363525390625	5.0902593011922707688654554658569395542144775390625
5.0902593011922707688654554658569395542144775390625	0.69864933637952686407146529745659790933132171630859375	0.7522291082796812577981881986488588154315948486328125	1.0114938781071465268013298555160872638225555419921875
1.0114938781071465268013298555160872638225555419921875	2.607956619531381026177996318438090384006500244140625	0.247536314679228042212599802951444871723651885986328125	0.8857538019253709260514284551391028799116611480712890625e-1
0.8857538019253709260514284551391028799116611480712890625e-1	0.70679851942285132349041987254167906939983367919921875	0.56601123942339215400210150619386695325374603271484375	0.7067985194229617906813700756174512207508087158203125
0.7067985194229617906813700756174512207508087158203125	0.56601123942352937756794517554226331412792205810546875	0.1842315476420620934394634105046861805021762847900390625	0.62912185891907401735778648799168877303600311279296875
0.62912185891907401735778648799168877303600311279296875	0	0	0
0	0	0	0
0	0	0	0
0	0	0	0
0	0	0	0
0	0	0	0
0	0	0	0
0	0	0	0
0	0	0	0
0	0	0	0
0	0	0	0
0	0	0	0
0	0	0	0
0	0	0	0
0	0	0	0
0	0	0	0
0	0	0	0
0	0	0	0
0	0	0	0
0	0	0	0
0	0	0	0
0	0	0	0
0	0	0	0
0	0	0	0
0	0	0	0
0	0	0	0
0	0	0	0
0	0	0	0
0	0	0	0
0	0	0	0
0	0	0	0
0	0	0	0
0	0	0	0