
Date:25/2/2010
Time:0:15:47
Output format: Text
Calculations precision: 32

Initial Quadrature
Quadrature Nodes
(-0.64936214251829871,0.26335439703813529)	(-0.64936214251829871,0.26335439703813529)
(-0.64936214251829871,0.26335439703813529)	(-0.64936214251829871,0.26335439703813529)
(0.64936214251878011,0.26335439703813529)	(0.64936214251878011,0.26335439703813529)
(0.64936214251878011,0.26335439703813529)	(0.64936214251878011,0.26335439703813529)
(0.64952699056467722,0.26335439703813529)	(0.64952699056467722,0.26335439703813529)
(0.64952699056467722,0.26335439703813529)	(0.64952699056467722,0.26335439703813529)
(0.6498171451594188,0.26335439703813529)	(0.6498171451594188,0.26335439703813529)
(0.6498171451594188,0.26335439703813529)	(0.6498171451594188,0.26335439703813529)
(0.65025552971257761,0.26335439703813529)	(0.65025552971257761,0.26335439703813529)
(0.65025552971257761,0.26335439703813529)	(0.65025552971257761,0.26335439703813529)
(-0.64952699056498986,0.26335439703813529)	(-0.64952699056498986,0.26335439703813529)
(-0.64952699056498986,0.26335439703813529)	(-0.64952699056498986,0.26335439703813529)
(-0.64981714515600386,0.26335439703813529)	(-0.64981714515600386,0.26335439703813529)
(-0.64981714515600386,0.26335439703813529)	(-0.64981714515600386,0.26335439703813529)
(0.65087382392773885,0.26335439703813529)	(0.65087382392773885,0.26335439703813529)
(0.65087382392773885,0.26335439703813529)	(0.65087382392773885,0.26335439703813529)
(-0.65025552972203515,0.26335439703813529)	(-0.65025552972203515,0.26335439703813529)
(-0.65025552972203515,0.26335439703813529)	(-0.65025552972203515,0.26335439703813529)
(-0.6508738239195655,0.26335439703813529)	(-0.6508738239195655,0.26335439703813529)
(-0.6508738239195655,0.26335439703813529)	(-0.6508738239195655,0.26335439703813529)
(0.65171196787291508,0.26335439703813529)	(0.65171196787291508,0.26335439703813529)
(0.65171196787291508,0.26335439703813529)	(0.65171196787291508,0.26335439703813529)
(-0.65171196787519503,0.26335439703813529)	(-0.65171196787519503,0.26335439703813529)
(-0.65171196787519503,0.26335439703813529)	(-0.65171196787519503,0.26335439703813529)
(0.65281741230669943,0.26335439703813529)	(0.65281741230669943,0.26335439703813529)
(0.65281741230669943,0.26335439703813529)	(0.65281741230669943,0.26335439703813529)
(-0.65281741230672363,0.26335439703813529)	(-0.65281741230672363,0.26335439703813529)
(-0.65281741230672363,0.26335439703813529)	(-0.65281741230672363,0.26335439703813529)
(-0.65424404524598345,0.26335439703813529)	(-0.65424404524598345,0.26335439703813529)
(-0.65424404524598345,0.26335439703813529)	(-0.65424404524598345,0.26335439703813529)
(0.65424404524600166,0.26335439703813529)	(0.65424404524600166,0.26335439703813529)
(0.65424404524600166,0.26335439703813529)	(0.65424404524600166,0.26335439703813529)
(-0.65605073041834361,0.26335439703813529)	(-0.65605073041834361,0.26335439703813529)
(-0.65605073041834361,0.26335439703813529)	(-0.65605073041834361,0.26335439703813529)
(0.65605073041836159,0.26335439703813529)	(0.65605073041836159,0.26335439703813529)
(0.65605073041836159,0.26335439703813529)	(0.65605073041836159,0.26335439703813529)
(-0.65829941781359791,0.26335439703813529)	(-0.65829941781359791,0.26335439703813529)
(-0.65829941781359791,0.26335439703813529)	(-0.65829941781359791,0.26335439703813529)
(-0.66105283584166141,0.26335439703813529)	(-0.66105283584166141,0.26335439703813529)
(-0.66105283584166141,0.26335439703813529)	(-0.66105283584166141,0.26335439703813529)
(0.65829941781350598,0.26335439703813529)	(0.65829941781350598,0.26335439703813529)
(0.65829941781350598,0.26335439703813529)	(0.65829941781350598,0.26335439703813529)
(-0.66437185082506178,0.26335439703813529)	(-0.66437185082506178,0.26335439703813529)
(-0.66437185082506178,0.26335439703813529)	(-0.66437185082506178,0.26335439703813529)
(0.66105283584131191,0.26335439703813529)	(0.66105283584131191,0.26335439703813529)
(0.66105283584131191,0.26335439703813529)	(0.66105283584131191,0.26335439703813529)
(-0.66831267718481024,0.26335439703813529)	(-0.66831267718481024,0.26335439703813529)
(-0.66831267718481024,0.26335439703813529)	(-0.66831267718481024,0.26335439703813529)
(-0.67292422343769853,0.26335439703813529)	(-0.67292422343769853,0.26335439703813529)
(-0.67292422343769853,0.26335439703813529)	(-0.67292422343769853,0.26335439703813529)
(0.66437185082642602,0.26335439703813529)	(0.66437185082642602,0.26335439703813529)
(0.66437185082642602,0.26335439703813529)	(0.66437185082642602,0.26335439703813529)
(-0.67824593406289357,0.26335439703813529)	(-0.67824593406289357,0.26335439703813529)
(-0.67824593406289357,0.26335439703813529)	(-0.67824593406289357,0.26335439703813529)
(0.6683126771830088,0.26335439703813529)	(0.6683126771830088,0.26335439703813529)
(0.6683126771830088,0.26335439703813529)	(0.6683126771830088,0.26335439703813529)
(-0.68430649196771598,0.26335439703813529)	(-0.68430649196771598,0.26335439703813529)
(-0.68430649196771598,0.26335439703813529)	(-0.68430649196771598,0.26335439703813529)
(0.67292422343795133,0.26335439703813529)	(0.67292422343795133,0.26335439703813529)
(0.67292422343795133,0.26335439703813529)	(0.67292422343795133,0.26335439703813529)
(-0.69112362559287011,0.26335439703813529)	(-0.69112362559287011,0.26335439703813529)
(-0.69112362559287011,0.26335439703813529)	(-0.69112362559287011,0.26335439703813529)
(0.67824593406176625,0.26335439703813529)	(0.67824593406176625,0.26335439703813529)
(0.67824593406176625,0.26335439703813529)	(0.67824593406176625,0.26335439703813529)
(-0.69870493933151523,0.26335439703813529)	(-0.69870493933151523,0.26335439703813529)
(-0.69870493933151523,0.26335439703813529)	(-0.69870493933151523,0.26335439703813529)
(0.68430649195175985,0.26335439703813529)	(0.68430649195175985,0.26335439703813529)
(0.68430649195175985,0.26335439703813529)	(0.68430649195175985,0.26335439703813529)
(-0.70704899380861319,0.26335439703813529)	(-0.70704899380861319,0.26335439703813529)
(-0.70704899380861319,0.26335439703813529)	(-0.70704899380861319,0.26335439703813529)
(0.69112362565155694,0.26335439703813529)	(0.69112362565155694,0.26335439703813529)
(0.69112362565155694,0.26335439703813529)	(0.69112362565155694,0.26335439703813529)
(0.69870493955201141,0.26335439703813529)	(0.69870493955201141,0.26335439703813529)
(0.69870493955201141,0.26335439703813529)	(0.69870493955201141,0.26335439703813529)
(-0.71614438073016085,0.26335439703813529)	(-0.71614438073016085,0.26335439703813529)
(-0.71614438073016085,0.26335439703813529)	(-0.71614438073016085,0.26335439703813529)
(0.70704899301339297,0.26335439703813529)	(0.70704899301339297,0.26335439703813529)
(0.70704899301339297,0.26335439703813529)	(0.70704899301339297,0.26335439703813529)
(-0.7259612088908709,0.26335439703813529)	(-0.7259612088908709,0.26335439703813529)
(-0.7259612088908709,0.26335439703813529)	(-0.7259612088908709,0.26335439703813529)
(0.716144378987847,0.26335439703813529)	(0.716144378987847,0.26335439703813529)
(0.716144378987847,0.26335439703813529)	(0.716144378987847,0.26335439703813529)
(-0.73641615277882089,0.26335439703813529)	(-0.73641615277882089,0.26335439703813529)
(-0.73641615277882089,0.26335439703813529)	(-0.73641615277882089,0.26335439703813529)
(0.76906983344677904,0.26335439703813529)	(0.76906983344677904,0.26335439703813529)
(0.72596122121775175,0.26335439703813529)	(0.72596122121775175,0.26335439703813529)
(0.72596122121775175,0.26335439703813529)	(0.72596122121775175,0.26335439703813529)
(-0.76906978984070884,0.26335439703813529)	(-0.76906978984070884,0.26335439703813529)
(0.76320100978874561,0.26335439703813529)	(0.76320100978874561,0.26335439703813529)
(-0.75094329492259604,0.26335439703813529)	(-0.75094329492259604,0.26335439703813529)
(-0.76320089179310535,0.26335439703813529)	(-0.76320089179310535,0.26335439703813529)
(-0.76687528636811875,0.26335439703813529)	(-0.76687528636811875,0.26335439703813529)
(0.73641612957037217,0.26335439703813529)	(0.73641612957037217,0.26335439703813529)
(0.73641612957037217,0.26335439703813529)	(0.73641612957037217,0.26335439703813529)
(-0.74553645612445718,0.26335439703813529)	(-0.74553645612445718,0.26335439703813529)
(-0.75807921731825811,0.26335439703813529)	(-0.75807921731825811,0.26335439703813529)
(0.75807916977040446,0.26335439703813529)	(0.75807916977040446,0.26335439703813529)
(0.76687516860116822,0.26335439703813529)	(0.76687516860116822,0.26335439703813529)
(0.74553649952953449,0.26335439703813529)	(0.74553649952953449,0.26335439703813529)
(0.75094328154583201,0.26335439703813529)	(0.75094328154583201,0.26335439703813529)
Quadrature Weights
0.94234688084461893e-2	0.9410682062511385e-2
0.94235527749077577e-2	0.94106556561772154e-2
-0.33646258548897856e-1	-0.33437271850405896e-1
-0.33644418801299175e-1	-0.33437253174332646e-1
-0.1486997497302292e-1	-0.14760722879193177e-1
-0.14869130913298225e-1	-0.1476071214667737e-1
-0.92949861636736943e-2	-0.92752785560764189e-2
-0.92946050957561331e-2	-0.92752789950228676e-2
-0.30245329120920029e-1	-0.30110386650379919e-1
-0.30243964773578238e-1	-0.30110376352118082e-1
-0.16903577817783859e-2	-0.16734360184993801e-2
-0.16901673710281572e-2	-0.16734199142358038e-2
0.47265678272532885e-2	0.47349114941141546e-2
0.47270445071210107e-2	0.47349051564119851e-2
0.39775147488124676e-1	0.39577113373095475e-1
0.39773399477241872e-1	0.39577095907018404e-1
0.49393786575713874e-2	0.49188912061095e-2
0.49398732737971716e-2	0.49188789609417843e-2
0.14557139072005156e-2	0.15159795037343847e-2
0.1455464863299885e-2	0.15160105746058168e-2
0.32985722801276755e-1	0.32797528855990951e-1
0.32984304483765395e-1	0.32797510303326914e-1
-0.94456162061735838e-2	-0.95307215181074517e-2
-0.94459698298605121e-2	-0.95307418684209156e-2
0.10549859137558938e-1	0.10440181071456325e-1
0.1054932961990529e-1	0.10440164136799292e-1
-0.11362536661890054e-1	-0.11428222650198074e-1
-0.11363518575180238e-1	-0.11428239074459589e-1
-0.19651936787901973e-2	-0.19550156606290654e-2
-0.1966595942081201e-2	-0.19550203202992793e-2
0.20658048847016202e-1	0.20648817800788071e-1
0.20657542056421715e-1	0.20648820107106371e-1
-0.17163805551662723e-1	-0.17286293418420258e-1
-0.1716240586923835e-1	-0.17286320233252866e-1
-0.49209282403053917e-1	-0.49083422545289961e-1
-0.49207928550212131e-1	-0.49083422959764179e-1
-0.3684313285131173e-1	-0.37063762345914728e-1
-0.36842530745664646e-1	-0.37063762972215517e-1
0.44215575003335346e-1	0.44459036456753961e-1
0.44215961466389862e-1	0.44459097283889477e-1
-0.628979071037815e-1	-0.62700011918110074e-1
-0.62896323006808183e-1	-0.62699987819203995e-1
0.29724273008466806e-1	0.29876843276085564e-1
0.29726305464777416e-1	0.29876830146653884e-1
-0.53520071268477826e-1	-0.53321064302594527e-1
-0.53518742475597472e-1	-0.53321051578324251e-1
0.65314332001561483e-2	0.65745709176272382e-2
0.65283773309080728e-2	0.65745516389619516e-2
-0.52838463705598998e-1	-0.53118327945501378e-1
-0.52835005571840191e-1	-0.53118284717960568e-1
-0.20809841603804554e-1	-0.2068172690600684e-1
-0.2080931386058963e-1	-0.20681695130270367e-1
-0.89993953057722453e-1	-0.90455607091725024e-1
-0.89990639615934037e-1	-0.90455656075206295e-1
0.26315374214994348e-1	0.26326267505167845e-1
0.26315123672690507e-1	0.26326276896667538e-1
-0.99952506920634676e-1	-0.10045762870810022
-0.99949551478789714e-1	-0.1004580733647164
0.72173235974355737e-1	0.72062600475954613e-1
0.72172295511231985e-1	0.72062619990590507e-1
-0.74808209621285177e-1	-0.75186360328702198e-1
-0.7481801225777121e-1	-0.75183848356697683e-1
0.99857870500316998e-1	0.99666016745259059e-1
0.99856872267523211e-1	0.99665980809719293e-1
-0.21388108684001279e-1	-0.21474424339122725e-1
-0.21362935104712013e-1	-0.21482965176684903e-1
0.97882011056090623e-1	0.97676344687842531e-1
0.97880538929466049e-1	0.97676475312540229e-1
0.41410623223068752e-1	0.41545019164557627e-1
0.41339189099602179e-1	0.41561657258465758e-1
0.65116837235201022e-1	0.64972249126957815e-1
0.65118112824669769e-1	0.64971729545679979e-1
0.11752165972875551e-1	0.11708748266010437e-1
0.11745748893413375e-1	0.11710395265443825e-1
-0.90607772036934112e-1	-0.91115210218449108e-1
-0.90465767792605359e-1	-0.91156023088444588e-1
-0.44544505526257168e-1	-0.44456024493923399e-1
-0.44525981665132761e-1	-0.44460957419347712e-1
0.11022656237002987	0.1121527363591806
0.11278172083310981	0.11140126357524469
0.85657829974450678e-1	0.85509749072344099e-1
0.85698854565084456e-1	0.85499047534632805e-1
0.11139643352727056	0.10060543528728703
0.10042838919098528	0.10376745730094943
0.12664900812616597	0.12630720151009564
0.10053811241971541	0.10037359583716002
0.10052450513870045	0.10037812414245738
0.15045440497709703	0.1514304134952878
0.49128584529490364e-1	0.48711535227646235e-1
0.73148855104867627e-1	0.5523519516254171e-1
0.54424419973159908e-1	0.57635805220359597e-1
0.11354847131089654	0.11302556112658564
-0.89150080305852988e-1	-0.88909307149411393e-1
-0.8901485122644677e-1	-0.88939924282724583e-1
0.43848355965897763e-1	0.66567583876041031e-1
-0.10502545270984067e-1	-0.38390540624378645e-2
0.27326781096035253e-3	0.66053219552335317e-3
0.9399858534902493e-1	0.93905723864102772e-1
-0.64738325291567964e-1	-0.64213432534470913e-1
0.42636550628371135e-1	0.43118709582530605e-1

Vector_Stieltjes_procedure ...
0	0	0.46351163441001725549417652135531	1
0	0.31313327931203742810834743717795	-0.51560916294152395270710531476912	1
-0.1329992391796718746765646662034	0.21484005992263494879508180620282	1.382593577544501238101966049079	1
0.38879488518947763634077087972339e-2	-1.9067204679064039621118463951246	-1.2716837047626602542523503377068	1
0.49994538330861564564537353404921	0.13781773991321141140021232434495	-0.93106347647080562599788321394025	1
-0.68124178418910067678631720791854e-2	0.75880059433485806620567589203487e-1	-3.4721437265725716626810261229468	1
0.33540232068984756702976925347889	-12.286138594117038482148289465414	3.6247714326914362603061825159087	1
0.18827553901268742185945412615296	-0.75258853264897272914571771273007e-1	-0.23325756206545359718789270262193	1
-0.18962116813483302729659934144001e-1	-0.66569806665052579529993191343582	1.8210559523212161298217220796786	1
-0.41104063336125361686043717389	-0.76548681014472721208774920560596e-1	-1.5150049134268010436189958086001	1
-0.60682720390397717819170579380437	-1.7871793137017604928874126326044	0.9896510823016081958389437876228	1
-0.63775531449942182302828818198228e-1	0.19341709602261363339417856937573	0.54223310920776649945742667121153e-1	1
-0.71593090731769051825022874039984e-1	0.29711941267326585279332419486236	0.16712260243434971108308594875718	1
-0.75774756083588996518189944391865e-1	-0.15003833400614291405342823784795	-0.35338573205074529720385087319973	1
0.19611295750538504094778478995365e-1	1.0793613278619549481034509057423	0.12875174557330236181664355841605	1
0.12842489490492507312034211850088	-0.28592969382480942327422306474949	-0.73273019418000250807681676745248e-1	1
0.94122647855323869023130124752934e-1	-0.74202528188123325276200624986666e-1	-1.061497118409266929665881388598	1
0.17053481774755035651710790070229	0.33128723431902146070038208805152	1.2657939427676517345048063087894	1
0.25407437385657554670887952918734	-1.3559263572228621475871071512673	-0.81704329583227842472510295839101	1
0.83025060753118335091831419796822e-1	0.24975263997525380991780093832803	0.1343865127045841442500688235173	1
0.32699550791561759493610059274435e-1	0.13085958321231839950331448611061	-0.48100461223609252087606122082161	1
0.11543184286650407215460487359018e-1	-0.60635572111291683559949070917966e-1	-0.17430057365441094925816453084597	1
0.15137701339821911099130661775207e-1	1.1760320192169125668751402629353	-0.66040162700092399809339029797246	1
1.2787897662938489275864543730625	-1.5445227548766123689887248692044	1.3411471601321061966776306178438	1
-0.74012890487744505797498884078844e-1	0.804835463572770379821327837213e-1	-1.2089666142153029097190852944048	1
0.48802736820879775434234940250706e-1	-0.88624969657861093817389479627065	0.90373215850268362705924460136596	1
-0.98826798568129288834727719752603e-1	-0.40766408952828507233192454860262e-2	2.9420033153251647793515031279497	1
0.47567101959718271536073237122581e-1	-6.9733826582348166158233702356949	-2.4867138944051614644830366390923	1
0.12792954375481140387530971582238	0.19460647243627483170951346370183e-1	-1.3569058950524126284409891987446	1
-0.65493159746821436840652367022488e-2	-0.18701058853506165858988936029671	0.55113341027553775633938459674815	1
0.50806054233501877848165771071748e-1	3.5920751853372006954078958294028	-11.909635359074557620796750717561	1
43.924391564108916648630270005914	-154.05673276990985691962824740222	12.612394771325969461367549550107	1
0.79267151227722079257516197466913e-1	-0.31743089326099112928052153620883e-2	-0.73172423701444254276938504237626	1
0.4040282589664478278847876068946e-2	0.64212093933304108074593561241358	0.26202347408143706575982744873136	1
0.58842436348022346828312961758483	-0.5853244688566484498174740942038	0.54135505560735798945569954624996	1
0.11855330793889344980026056048903e-2	0.46360229310943162993490070176638	0.19481581233126625066977457635278	1
-0.89588096349433479356185729072213e-1	-1.5540047620028248872948042774203	-8.0032232240459014756782315695776	1
-11.823827844666600819968387135638	-60.896136466875434479143597767273	7.801501076289961776733094465677	1
0.14232596617317724225028905141256e-1	0.29052321916777359693512323017329e-2	0.48002579304328434982217820439738	1
-0.40943777081693532414886907305362e-1	0.59122753668632798124395216032923	-0.50965266472452624533456938973089	1
-0.35624434142253809567646198679355e-1	-0.21421722852623191586973974435169e-1	-1.2774970575319397045664004283758	1
0.18955051966940426613573814922587e-2	-1.1348833478183465253718812396404	-9.6776770965681615677987249425607	1
-12.294064372446164616824594815185	-111.31061113254144550198952965826	11.445545697013404461714006723709	1
-0.68980202499247570904002038003434	0.41059016759450349408702750515572e-1	-0.66756827375444197902988241029735	1
-0.58647391745168229386451250949958e-2	0.12331941373848596027520572148738	-0.8797333630919186820817753036844	1
0.23483948125711274358083892876728	-0.84918334207233856858360255340715	0.99886133621857834074125191617261	1
-0.10968771249385852031543380492331e-1	0.14118714162158499247697186468041	-2.0319678613935953019813672818751	1
0.1091465874819337619077410667648	-3.7987714636684216347939560623128	2.1110403564183894996517169374899	1
0.10337499116081310891829277902998e-1	-0.42333382040188944121236902424302e-1	-10.185062313116680129458310144717	1
-0.39794914254075855949697395769852	-111.39409166951991733707934793492	10.978137476337259740615743717923	1
-1.2748060573627057364091055984685	0.83439736287926504732284215823863e-1	0.5007916797166863615902798780589	1
0.88267693289361117131421149253235e-2	-0.62042980234534344960232628261563	-1.2283416276020396022328380302078	1
0.39493079323459971987879410866903e-1	0.44771107174732163185490717108422e-1	-0.87983581148497587552433946124904	1
-0.13850551448115924181673689142481e-1	-0.9068322840129381390347898793138	-2.944813720809175122052460252864	1
-2.5520885737849123877582652687798	-11.747035130086389644251488702703	3.8523840985952668200701033700964	1
-4.9217050276779633552874664982031	1.1484877887656419173685910393199	0.62751547425868320862798766717008e-2	1
0.24350444857554691506775044616207e-2	-0.35639561418274736676216140105196e-2	-0.96810112487331606878559016208912	1
-0.52599658632000184713914226197692e-2	-0.14097597928760229992560163568241	0.83333836647873160113543472082386	1
0.72127292975469805270084594056701e-1	0.46481274534825045725379875157233e-1	-1.813267075666016884105083882007	1
0.60958965845506858194388374843397e-2	-2.8675538799310988415674364717461	1.7343035114199540235874045668714	1
0.91639512513423501396562990026375e-1	-0.85576693303558565789819044016401	-25.442818747108323623771052629458	1
-20.463614587447614469643458002051	-649.35934542469446500220349162278	25.575375360549210917541622020908	1
0.50493643602962344993815244072034e-1	-0.51953579224972612349956594330985e-2	-4.5277731354707097034493117136062	1
-0.20240012773310473043139616626992e-1	-19.928765183843981289495564150529	4.4640568836426813298922097997086	1
-0.77653315494827806367728560259483e-1	0.17017651900997761271898107648609e-1	0.78945305140990860226260114673452	1
-0.22700640400037540339272624869258e-2	0.21488982216990867007968704241187	-1.0342922731150533916557346064728	1
-0.39056896721801810742083725780094	-0.59033789398549564879524075460835	0.41631987383436133618795321349491e-1	1
0.52947556350210948041525828827147e-2	0.27206795733916048189952805141318	0.62181868305658986448880696993186	1
-0.10136999959616715950458006742818	0.39475596192844603187955353950774	1.2637971309815303088377427837073	1
-0.3027916265774516055404767170106e-1	0.54575688719515937403195863548874e-2	29.627630675505461072024257350821	1
-2.6024887540460657561893461744973	-912.49729706994152062220157474415	-30.754997586310365672248626775501	1
0.8022314873993072942272170594824	0.2426801224267403690733355481901e-1	-0.40243023402130020352668651833246	1
0.15463049383319048699078617680511e-3	0.79190359788394887577630339693478e-1	1.0283987059344070834910160376874	1
-0.55965231556944814856080855077785e-1	-0.87541935813957807647974600574226	-1.5146645870228827201061938725369	1
0.6019005750450331558938961164253e-1	-0.86114166613695483494970136625428e-1	-1.0742081107604685337720782692908	1
0.11120816048128997669629364719902	-1.7936741495293401143102815391336	1.5610413608655932828767739002999	1
-0.19659488366725040493072935556641e-2	-0.34715174922309485804323449982856e-2	4.1516460643725919990627965658121	1
0.20586772776500066151534532323805e-1	-15.697590138328485893246926012986	-3.7897006057277471271669507929315	1
-0.2266234831697376752777345992067	-0.10360801667071899839991051124292	-0.18382082852887372717934919970135	1
0.74260061526676250052697289927987e-1	0.75847128410560353213009150136003	-0.19854430364801593523125162591395	1
-0.12387753351119271833177463827439e-1	-0.20715777994769012272573532667675e-1	-0.6396652046729346236956932811243	1
-0.57499593344137104011735888038162e-2	-0.79156087349410144360439415803687	2.1622927211531165065120785504813	1
1.189187312438407182546323346685	-2.6227486345000099165949452105113	-1.6875883507026755428872360578716	1
-0.10577499138662079406382761340961	0.2172202258689114057607641642478	0.15947891475137831157421197166846	1
0.43176658548267111746952649637934e-3	-0.32784165217129127551290564406199e-2	2.0931652787942040060504647343301	1
0.12674126606826650107180083506758e-1	-7.4819052345473465285330397099331	-2.9362519149355335841385393692002	1
-0.74906202508921055529847250962142	0.72936036197895578966778036768672	0.57207458356787280856196962192193	1
0.82032176102216595596722990730727	0.7920710770953896285539624737859	0.26438186100806843351291700162115	1
-0.29329995839064203580877893118226e-3	0.42752343130352381128649271788986e-3	0.8909338536271517016619310410741	1
-0.11828225490369976129166884188987e-3	-0.364770896375526920611004472279	-0.76460903838429716001134025339831	1
-0.40017104186120466630406853979865	-0.36889402342062920025686614570171	-0.40070917313708481953314672848313	1
0.39120459968167256638896096506516e-1	0.6606657633848634175003088606287	0.27206515455791999272818594630819	1
0.18218937474798331216201330174796e-2	-0.24919200553771667896812066328049e-2	1.2765353660488758288370129209661	1
0.20043393962888285553631537359267e-2	-0.91218037973928192892638741147476	0.15781603122854513861767004857217	1
0.16407025209536674527354534243533	-1.7352514042333021966396294136883	-2.5113029349530498729734901073263	1
-0.50082391021721198109234916224852	-1.2006066951624997541602676164091	1.0823446777841765013410259409708	1
-0.10663177975948563344142093027903e-2	0.29955232457597258511694499102069e-2	-1.1631094710813971930309225500336	1
0.135592682520269398234270082801e-2	-1.0250313505486403410126493935564	1.1199364368253931277110234612236	1
0.34097030554179522905588688681288e-1	0.1320090803870055280761708738289e-1	-1.9651772292454367935638416240546	1
-0.27899891919652274354168187420016e-1	-3.5150361218179336807225517145131	2.0080137432010846390671969562481	0
Matrix from Quadrature
0.46351163441001725549417652135531	1	0	0	0	0	0	0	0	0	0	0	0	0	0	0	0	0	0	0	0	0	0	0	0	0	0	0	0	0	0	0	0	0	0	0	0	0	0	0	0	0	0	0	0	0	0	0	0	0	0	0	0	0	0	0	0	0	0	0	0	0	0	0	0	0	0	0	0	0	0	0	0	0	0	0	0	0	0	0	0	0	0	0	0	0	0	0	0	0	0	0	0	0	0	0	0	0	0	0
0.31313327931203742810834743717795	-0.51560916294152395270710531476912	1	0	0	0	0	0	0	0	0	0	0	0	0	0	0	0	0	0	0	0	0	0	0	0	0	0	0	0	0	0	0	0	0	0	0	0	0	0	0	0	0	0	0	0	0	0	0	0	0	0	0	0	0	0	0	0	0	0	0	0	0	0	0	0	0	0	0	0	0	0	0	0	0	0	0	0	0	0	0	0	0	0	0	0	0	0	0	0	0	0	0	0	0	0	0	0	0	0
-0.1329992391796718746765646662034	0.21484005992263494879508180620282	1.382593577544501238101966049079	1	0	0	0	0	0	0	0	0	0	0	0	0	0	0	0	0	0	0	0	0	0	0	0	0	0	0	0	0	0	0	0	0	0	0	0	0	0	0	0	0	0	0	0	0	0	0	0	0	0	0	0	0	0	0	0	0	0	0	0	0	0	0	0	0	0	0	0	0	0	0	0	0	0	0	0	0	0	0	0	0	0	0	0	0	0	0	0	0	0	0	0	0	0	0	0	0
0	0.38879488518947763634077087972339e-2	-1.9067204679064039621118463951246	-1.2716837047626602542523503377068	1	0	0	0	0	0	0	0	0	0	0	0	0	0	0	0	0	0	0	0	0	0	0	0	0	0	0	0	0	0	0	0	0	0	0	0	0	0	0	0	0	0	0	0	0	0	0	0	0	0	0	0	0	0	0	0	0	0	0	0	0	0	0	0	0	0	0	0	0	0	0	0	0	0	0	0	0	0	0	0	0	0	0	0	0	0	0	0	0	0	0	0	0	0	0	0
0	0	0.49994538330861564564537353404921	0.13781773991321141140021232434495	-0.93106347647080562599788321394025	1	0	0	0	0	0	0	0	0	0	0	0	0	0	0	0	0	0	0	0	0	0	0	0	0	0	0	0	0	0	0	0	0	0	0	0	0	0	0	0	0	0	0	0	0	0	0	0	0	0	0	0	0	0	0	0	0	0	0	0	0	0	0	0	0	0	0	0	0	0	0	0	0	0	0	0	0	0	0	0	0	0	0	0	0	0	0	0	0	0	0	0	0	0	0
0	0	0	-0.68124178418910067678631720791854e-2	0.75880059433485806620567589203487e-1	-3.4721437265725716626810261229468	1	0	0	0	0	0	0	0	0	0	0	0	0	0	0	0	0	0	0	0	0	0	0	0	0	0	0	0	0	0	0	0	0	0	0	0	0	0	0	0	0	0	0	0	0	0	0	0	0	0	0	0	0	0	0	0	0	0	0	0	0	0	0	0	0	0	0	0	0	0	0	0	0	0	0	0	0	0	0	0	0	0	0	0	0	0	0	0	0	0	0	0	0	0
0	0	0	0	0.33540232068984756702976925347889	-12.286138594117038482148289465414	3.6247714326914362603061825159087	1	0	0	0	0	0	0	0	0	0	0	0	0	0	0	0	0	0	0	0	0	0	0	0	0	0	0	0	0	0	0	0	0	0	0	0	0	0	0	0	0	0	0	0	0	0	0	0	0	0	0	0	0	0	0	0	0	0	0	0	0	0	0	0	0	0	0	0	0	0	0	0	0	0	0	0	0	0	0	0	0	0	0	0	0	0	0	0	0	0	0	0	0
0	0	0	0	0	0.18827553901268742185945412615296	-0.75258853264897272914571771273007e-1	-0.23325756206545359718789270262193	1	0	0	0	0	0	0	0	0	0	0	0	0	0	0	0	0	0	0	0	0	0	0	0	0	0	0	0	0	0	0	0	0	0	0	0	0	0	0	0	0	0	0	0	0	0	0	0	0	0	0	0	0	0	0	0	0	0	0	0	0	0	0	0	0	0	0	0	0	0	0	0	0	0	0	0	0	0	0	0	0	0	0	0	0	0	0	0	0	0	0	0
0	0	0	0	0	0	-0.18962116813483302729659934144001e-1	-0.66569806665052579529993191343582	1.8210559523212161298217220796786	1	0	0	0	0	0	0	0	0	0	0	0	0	0	0	0	0	0	0	0	0	0	0	0	0	0	0	0	0	0	0	0	0	0	0	0	0	0	0	0	0	0	0	0	0	0	0	0	0	0	0	0	0	0	0	0	0	0	0	0	0	0	0	0	0	0	0	0	0	0	0	0	0	0	0	0	0	0	0	0	0	0	0	0	0	0	0	0	0	0	0
0	0	0	0	0	0	0	-0.41104063336125361686043717389	-0.76548681014472721208774920560596e-1	-1.5150049134268010436189958086001	1	0	0	0	0	0	0	0	0	0	0	0	0	0	0	0	0	0	0	0	0	0	0	0	0	0	0	0	0	0	0	0	0	0	0	0	0	0	0	0	0	0	0	0	0	0	0	0	0	0	0	0	0	0	0	0	0	0	0	0	0	0	0	0	0	0	0	0	0	0	0	0	0	0	0	0	0	0	0	0	0	0	0	0	0	0	0	0	0	0
0	0	0	0	0	0	0	0	-0.60682720390397717819170579380437	-1.7871793137017604928874126326044	0.9896510823016081958389437876228	1	0	0	0	0	0	0	0	0	0	0	0	0	0	0	0	0	0	0	0	0	0	0	0	0	0	0	0	0	0	0	0	0	0	0	0	0	0	0	0	0	0	0	0	0	0	0	0	0	0	0	0	0	0	0	0	0	0	0	0	0	0	0	0	0	0	0	0	0	0	0	0	0	0	0	0	0	0	0	0	0	0	0	0	0	0	0	0	0
0	0	0	0	0	0	0	0	0	-0.63775531449942182302828818198228e-1	0.19341709602261363339417856937573	0.54223310920776649945742667121153e-1	1	0	0	0	0	0	0	0	0	0	0	0	0	0	0	0	0	0	0	0	0	0	0	0	0	0	0	0	0	0	0	0	0	0	0	0	0	0	0	0	0	0	0	0	0	0	0	0	0	0	0	0	0	0	0	0	0	0	0	0	0	0	0	0	0	0	0	0	0	0	0	0	0	0	0	0	0	0	0	0	0	0	0	0	0	0	0	0
0	0	0	0	0	0	0	0	0	0	-0.71593090731769051825022874039984e-1	0.29711941267326585279332419486236	0.16712260243434971108308594875718	1	0	0	0	0	0	0	0	0	0	0	0	0	0	0	0	0	0	0	0	0	0	0	0	0	0	0	0	0	0	0	0	0	0	0	0	0	0	0	0	0	0	0	0	0	0	0	0	0	0	0	0	0	0	0	0	0	0	0	0	0	0	0	0	0	0	0	0	0	0	0	0	0	0	0	0	0	0	0	0	0	0	0	0	0	0	0
0	0	0	0	0	0	0	0	0	0	0	-0.75774756083588996518189944391865e-1	-0.15003833400614291405342823784795	-0.35338573205074529720385087319973	1	0	0	0	0	0	0	0	0	0	0	0	0	0	0	0	0	0	0	0	0	0	0	0	0	0	0	0	0	0	0	0	0	0	0	0	0	0	0	0	0	0	0	0	0	0	0	0	0	0	0	0	0	0	0	0	0	0	0	0	0	0	0	0	0	0	0	0	0	0	0	0	0	0	0	0	0	0	0	0	0	0	0	0	0	0
0	0	0	0	0	0	0	0	0	0	0	0	0.19611295750538504094778478995365e-1	1.0793613278619549481034509057423	0.12875174557330236181664355841605	1	0	0	0	0	0	0	0	0	0	0	0	0	0	0	0	0	0	0	0	0	0	0	0	0	0	0	0	0	0	0	0	0	0	0	0	0	0	0	0	0	0	0	0	0	0	0	0	0	0	0	0	0	0	0	0	0	0	0	0	0	0	0	0	0	0	0	0	0	0	0	0	0	0	0	0	0	0	0	0	0	0	0	0	0
0	0	0	0	0	0	0	0	0	0	0	0	0	0.12842489490492507312034211850088	-0.28592969382480942327422306474949	-0.73273019418000250807681676745248e-1	1	0	0	0	0	0	0	0	0	0	0	0	0	0	0	0	0	0	0	0	0	0	0	0	0	0	0	0	0	0	0	0	0	0	0	0	0	0	0	0	0	0	0	0	0	0	0	0	0	0	0	0	0	0	0	0	0	0	0	0	0	0	0	0	0	0	0	0	0	0	0	0	0	0	0	0	0	0	0	0	0	0	0	0
0	0	0	0	0	0	0	0	0	0	0	0	0	0	0.94122647855323869023130124752934e-1	-0.74202528188123325276200624986666e-1	-1.061497118409266929665881388598	1	0	0	0	0	0	0	0	0	0	0	0	0	0	0	0	0	0	0	0	0	0	0	0	0	0	0	0	0	0	0	0	0	0	0	0	0	0	0	0	0	0	0	0	0	0	0	0	0	0	0	0	0	0	0	0	0	0	0	0	0	0	0	0	0	0	0	0	0	0	0	0	0	0	0	0	0	0	0	0	0	0	0
0	0	0	0	0	0	0	0	0	0	0	0	0	0	0	0.17053481774755035651710790070229	0.33128723431902146070038208805152	1.2657939427676517345048063087894	1	0	0	0	0	0	0	0	0	0	0	0	0	0	0	0	0	0	0	0	0	0	0	0	0	0	0	0	0	0	0	0	0	0	0	0	0	0	0	0	0	0	0	0	0	0	0	0	0	0	0	0	0	0	0	0	0	0	0	0	0	0	0	0	0	0	0	0	0	0	0	0	0	0	0	0	0	0	0	0	0	0
0	0	0	0	0	0	0	0	0	0	0	0	0	0	0	0	0.25407437385657554670887952918734	-1.3559263572228621475871071512673	-0.81704329583227842472510295839101	1	0	0	0	0	0	0	0	0	0	0	0	0	0	0	0	0	0	0	0	0	0	0	0	0	0	0	0	0	0	0	0	0	0	0	0	0	0	0	0	0	0	0	0	0	0	0	0	0	0	0	0	0	0	0	0	0	0	0	0	0	0	0	0	0	0	0	0	0	0	0	0	0	0	0	0	0	0	0	0	0
0	0	0	0	0	0	0	0	0	0	0	0	0	0	0	0	0	0.83025060753118335091831419796822e-1	0.24975263997525380991780093832803	0.1343865127045841442500688235173	1	0	0	0	0	0	0	0	0	0	0	0	0	0	0	0	0	0	0	0	0	0	0	0	0	0	0	0	0	0	0	0	0	0	0	0	0	0	0	0	0	0	0	0	0	0	0	0	0	0	0	0	0	0	0	0	0	0	0	0	0	0	0	0	0	0	0	0	0	0	0	0	0	0	0	0	0	0	0	0
0	0	0	0	0	0	0	0	0	0	0	0	0	0	0	0	0	0	0.32699550791561759493610059274435e-1	0.13085958321231839950331448611061	-0.48100461223609252087606122082161	1	0	0	0	0	0	0	0	0	0	0	0	0	0	0	0	0	0	0	0	0	0	0	0	0	0	0	0	0	0	0	0	0	0	0	0	0	0	0	0	0	0	0	0	0	0	0	0	0	0	0	0	0	0	0	0	0	0	0	0	0	0	0	0	0	0	0	0	0	0	0	0	0	0	0	0	0	0	0
0	0	0	0	0	0	0	0	0	0	0	0	0	0	0	0	0	0	0	0.11543184286650407215460487359018e-1	-0.60635572111291683559949070917966e-1	-0.17430057365441094925816453084597	1	0	0	0	0	0	0	0	0	0	0	0	0	0	0	0	0	0	0	0	0	0	0	0	0	0	0	0	0	0	0	0	0	0	0	0	0	0	0	0	0	0	0	0	0	0	0	0	0	0	0	0	0	0	0	0	0	0	0	0	0	0	0	0	0	0	0	0	0	0	0	0	0	0	0	0	0	0
0	0	0	0	0	0	0	0	0	0	0	0	0	0	0	0	0	0	0	0	0.15137701339821911099130661775207e-1	1.1760320192169125668751402629353	-0.66040162700092399809339029797246	1	0	0	0	0	0	0	0	0	0	0	0	0	0	0	0	0	0	0	0	0	0	0	0	0	0	0	0	0	0	0	0	0	0	0	0	0	0	0	0	0	0	0	0	0	0	0	0	0	0	0	0	0	0	0	0	0	0	0	0	0	0	0	0	0	0	0	0	0	0	0	0	0	0	0	0	0
0	0	0	0	0	0	0	0	0	0	0	0	0	0	0	0	0	0	0	0	0	1.2787897662938489275864543730625	-1.5445227548766123689887248692044	1.3411471601321061966776306178438	1	0	0	0	0	0	0	0	0	0	0	0	0	0	0	0	0	0	0	0	0	0	0	0	0	0	0	0	0	0	0	0	0	0	0	0	0	0	0	0	0	0	0	0	0	0	0	0	0	0	0	0	0	0	0	0	0	0	0	0	0	0	0	0	0	0	0	0	0	0	0	0	0	0	0	0
0	0	0	0	0	0	0	0	0	0	0	0	0	0	0	0	0	0	0	0	0	0	-0.74012890487744505797498884078844e-1	0.804835463572770379821327837213e-1	-1.2089666142153029097190852944048	1	0	0	0	0	0	0	0	0	0	0	0	0	0	0	0	0	0	0	0	0	0	0	0	0	0	0	0	0	0	0	0	0	0	0	0	0	0	0	0	0	0	0	0	0	0	0	0	0	0	0	0	0	0	0	0	0	0	0	0	0	0	0	0	0	0	0	0	0	0	0	0	0	0	0
0	0	0	0	0	0	0	0	0	0	0	0	0	0	0	0	0	0	0	0	0	0	0	0.48802736820879775434234940250706e-1	-0.88624969657861093817389479627065	0.90373215850268362705924460136596	1	0	0	0	0	0	0	0	0	0	0	0	0	0	0	0	0	0	0	0	0	0	0	0	0	0	0	0	0	0	0	0	0	0	0	0	0	0	0	0	0	0	0	0	0	0	0	0	0	0	0	0	0	0	0	0	0	0	0	0	0	0	0	0	0	0	0	0	0	0	0	0	0	0
0	0	0	0	0	0	0	0	0	0	0	0	0	0	0	0	0	0	0	0	0	0	0	0	-0.98826798568129288834727719752603e-1	-0.40766408952828507233192454860262e-2	2.9420033153251647793515031279497	1	0	0	0	0	0	0	0	0	0	0	0	0	0	0	0	0	0	0	0	0	0	0	0	0	0	0	0	0	0	0	0	0	0	0	0	0	0	0	0	0	0	0	0	0	0	0	0	0	0	0	0	0	0	0	0	0	0	0	0	0	0	0	0	0	0	0	0	0	0	0	0	0
0	0	0	0	0	0	0	0	0	0	0	0	0	0	0	0	0	0	0	0	0	0	0	0	0	0.47567101959718271536073237122581e-1	-6.9733826582348166158233702356949	-2.4867138944051614644830366390923	1	0	0	0	0	0	0	0	0	0	0	0	0	0	0	0	0	0	0	0	0	0	0	0	0	0	0	0	0	0	0	0	0	0	0	0	0	0	0	0	0	0	0	0	0	0	0	0	0	0	0	0	0	0	0	0	0	0	0	0	0	0	0	0	0	0	0	0	0	0	0	0
0	0	0	0	0	0	0	0	0	0	0	0	0	0	0	0	0	0	0	0	0	0	0	0	0	0	0.12792954375481140387530971582238	0.19460647243627483170951346370183e-1	-1.3569058950524126284409891987446	1	0	0	0	0	0	0	0	0	0	0	0	0	0	0	0	0	0	0	0	0	0	0	0	0	0	0	0	0	0	0	0	0	0	0	0	0	0	0	0	0	0	0	0	0	0	0	0	0	0	0	0	0	0	0	0	0	0	0	0	0	0	0	0	0	0	0	0	0	0	0
0	0	0	0	0	0	0	0	0	0	0	0	0	0	0	0	0	0	0	0	0	0	0	0	0	0	0	-0.65493159746821436840652367022488e-2	-0.18701058853506165858988936029671	0.55113341027553775633938459674815	1	0	0	0	0	0	0	0	0	0	0	0	0	0	0	0	0	0	0	0	0	0	0	0	0	0	0	0	0	0	0	0	0	0	0	0	0	0	0	0	0	0	0	0	0	0	0	0	0	0	0	0	0	0	0	0	0	0	0	0	0	0	0	0	0	0	0	0	0	0
0	0	0	0	0	0	0	0	0	0	0	0	0	0	0	0	0	0	0	0	0	0	0	0	0	0	0	0	0.50806054233501877848165771071748e-1	3.5920751853372006954078958294028	-11.909635359074557620796750717561	1	0	0	0	0	0	0	0	0	0	0	0	0	0	0	0	0	0	0	0	0	0	0	0	0	0	0	0	0	0	0	0	0	0	0	0	0	0	0	0	0	0	0	0	0	0	0	0	0	0	0	0	0	0	0	0	0	0	0	0	0	0	0	0	0	0	0	0	0
0	0	0	0	0	0	0	0	0	0	0	0	0	0	0	0	0	0	0	0	0	0	0	0	0	0	0	0	0	43.924391564108916648630270005914	-154.05673276990985691962824740222	12.612394771325969461367549550107	1	0	0	0	0	0	0	0	0	0	0	0	0	0	0	0	0	0	0	0	0	0	0	0	0	0	0	0	0	0	0	0	0	0	0	0	0	0	0	0	0	0	0	0	0	0	0	0	0	0	0	0	0	0	0	0	0	0	0	0	0	0	0	0	0	0	0	0
0	0	0	0	0	0	0	0	0	0	0	0	0	0	0	0	0	0	0	0	0	0	0	0	0	0	0	0	0	0	0.79267151227722079257516197466913e-1	-0.31743089326099112928052153620883e-2	-0.73172423701444254276938504237626	1	0	0	0	0	0	0	0	0	0	0	0	0	0	0	0	0	0	0	0	0	0	0	0	0	0	0	0	0	0	0	0	0	0	0	0	0	0	0	0	0	0	0	0	0	0	0	0	0	0	0	0	0	0	0	0	0	0	0	0	0	0	0	0	0	0	0
0	0	0	0	0	0	0	0	0	0	0	0	0	0	0	0	0	0	0	0	0	0	0	0	0	0	0	0	0	0	0	0.4040282589664478278847876068946e-2	0.64212093933304108074593561241358	0.26202347408143706575982744873136	1	0	0	0	0	0	0	0	0	0	0	0	0	0	0	0	0	0	0	0	0	0	0	0	0	0	0	0	0	0	0	0	0	0	0	0	0	0	0	0	0	0	0	0	0	0	0	0	0	0	0	0	0	0	0	0	0	0	0	0	0	0	0	0	0	0
0	0	0	0	0	0	0	0	0	0	0	0	0	0	0	0	0	0	0	0	0	0	0	0	0	0	0	0	0	0	0	0	0.58842436348022346828312961758483	-0.5853244688566484498174740942038	0.54135505560735798945569954624996	1	0	0	0	0	0	0	0	0	0	0	0	0	0	0	0	0	0	0	0	0	0	0	0	0	0	0	0	0	0	0	0	0	0	0	0	0	0	0	0	0	0	0	0	0	0	0	0	0	0	0	0	0	0	0	0	0	0	0	0	0	0	0	0	0
0	0	0	0	0	0	0	0	0	0	0	0	0	0	0	0	0	0	0	0	0	0	0	0	0	0	0	0	0	0	0	0	0	0.11855330793889344980026056048903e-2	0.46360229310943162993490070176638	0.19481581233126625066977457635278	1	0	0	0	0	0	0	0	0	0	0	0	0	0	0	0	0	0	0	0	0	0	0	0	0	0	0	0	0	0	0	0	0	0	0	0	0	0	0	0	0	0	0	0	0	0	0	0	0	0	0	0	0	0	0	0	0	0	0	0	0	0	0	0
0	0	0	0	0	0	0	0	0	0	0	0	0	0	0	0	0	0	0	0	0	0	0	0	0	0	0	0	0	0	0	0	0	0	-0.89588096349433479356185729072213e-1	-1.5540047620028248872948042774203	-8.0032232240459014756782315695776	1	0	0	0	0	0	0	0	0	0	0	0	0	0	0	0	0	0	0	0	0	0	0	0	0	0	0	0	0	0	0	0	0	0	0	0	0	0	0	0	0	0	0	0	0	0	0	0	0	0	0	0	0	0	0	0	0	0	0	0	0	0	0
0	0	0	0	0	0	0	0	0	0	0	0	0	0	0	0	0	0	0	0	0	0	0	0	0	0	0	0	0	0	0	0	0	0	0	-11.823827844666600819968387135638	-60.896136466875434479143597767273	7.801501076289961776733094465677	1	0	0	0	0	0	0	0	0	0	0	0	0	0	0	0	0	0	0	0	0	0	0	0	0	0	0	0	0	0	0	0	0	0	0	0	0	0	0	0	0	0	0	0	0	0	0	0	0	0	0	0	0	0	0	0	0	0	0	0	0	0
0	0	0	0	0	0	0	0	0	0	0	0	0	0	0	0	0	0	0	0	0	0	0	0	0	0	0	0	0	0	0	0	0	0	0	0	0.14232596617317724225028905141256e-1	0.29052321916777359693512323017329e-2	0.48002579304328434982217820439738	1	0	0	0	0	0	0	0	0	0	0	0	0	0	0	0	0	0	0	0	0	0	0	0	0	0	0	0	0	0	0	0	0	0	0	0	0	0	0	0	0	0	0	0	0	0	0	0	0	0	0	0	0	0	0	0	0	0	0	0	0
0	0	0	0	0	0	0	0	0	0	0	0	0	0	0	0	0	0	0	0	0	0	0	0	0	0	0	0	0	0	0	0	0	0	0	0	0	-0.40943777081693532414886907305362e-1	0.59122753668632798124395216032923	-0.50965266472452624533456938973089	1	0	0	0	0	0	0	0	0	0	0	0	0	0	0	0	0	0	0	0	0	0	0	0	0	0	0	0	0	0	0	0	0	0	0	0	0	0	0	0	0	0	0	0	0	0	0	0	0	0	0	0	0	0	0	0	0	0	0	0
0	0	0	0	0	0	0	0	0	0	0	0	0	0	0	0	0	0	0	0	0	0	0	0	0	0	0	0	0	0	0	0	0	0	0	0	0	0	-0.35624434142253809567646198679355e-1	-0.21421722852623191586973974435169e-1	-1.2774970575319397045664004283758	1	0	0	0	0	0	0	0	0	0	0	0	0	0	0	0	0	0	0	0	0	0	0	0	0	0	0	0	0	0	0	0	0	0	0	0	0	0	0	0	0	0	0	0	0	0	0	0	0	0	0	0	0	0	0	0	0	0	0
0	0	0	0	0	0	0	0	0	0	0	0	0	0	0	0	0	0	0	0	0	0	0	0	0	0	0	0	0	0	0	0	0	0	0	0	0	0	0	0.18955051966940426613573814922587e-2	-1.1348833478183465253718812396404	-9.6776770965681615677987249425607	1	0	0	0	0	0	0	0	0	0	0	0	0	0	0	0	0	0	0	0	0	0	0	0	0	0	0	0	0	0	0	0	0	0	0	0	0	0	0	0	0	0	0	0	0	0	0	0	0	0	0	0	0	0	0	0	0	0
0	0	0	0	0	0	0	0	0	0	0	0	0	0	0	0	0	0	0	0	0	0	0	0	0	0	0	0	0	0	0	0	0	0	0	0	0	0	0	0	-12.294064372446164616824594815185	-111.31061113254144550198952965826	11.445545697013404461714006723709	1	0	0	0	0	0	0	0	0	0	0	0	0	0	0	0	0	0	0	0	0	0	0	0	0	0	0	0	0	0	0	0	0	0	0	0	0	0	0	0	0	0	0	0	0	0	0	0	0	0	0	0	0	0	0	0	0
0	0	0	0	0	0	0	0	0	0	0	0	0	0	0	0	0	0	0	0	0	0	0	0	0	0	0	0	0	0	0	0	0	0	0	0	0	0	0	0	0	-0.68980202499247570904002038003434	0.41059016759450349408702750515572e-1	-0.66756827375444197902988241029735	1	0	0	0	0	0	0	0	0	0	0	0	0	0	0	0	0	0	0	0	0	0	0	0	0	0	0	0	0	0	0	0	0	0	0	0	0	0	0	0	0	0	0	0	0	0	0	0	0	0	0	0	0	0	0	0
0	0	0	0	0	0	0	0	0	0	0	0	0	0	0	0	0	0	0	0	0	0	0	0	0	0	0	0	0	0	0	0	0	0	0	0	0	0	0	0	0	0	-0.58647391745168229386451250949958e-2	0.12331941373848596027520572148738	-0.8797333630919186820817753036844	1	0	0	0	0	0	0	0	0	0	0	0	0	0	0	0	0	0	0	0	0	0	0	0	0	0	0	0	0	0	0	0	0	0	0	0	0	0	0	0	0	0	0	0	0	0	0	0	0	0	0	0	0	0	0
0	0	0	0	0	0	0	0	0	0	0	0	0	0	0	0	0	0	0	0	0	0	0	0	0	0	0	0	0	0	0	0	0	0	0	0	0	0	0	0	0	0	0	0.23483948125711274358083892876728	-0.84918334207233856858360255340715	0.99886133621857834074125191617261	1	0	0	0	0	0	0	0	0	0	0	0	0	0	0	0	0	0	0	0	0	0	0	0	0	0	0	0	0	0	0	0	0	0	0	0	0	0	0	0	0	0	0	0	0	0	0	0	0	0	0	0	0	0
0	0	0	0	0	0	0	0	0	0	0	0	0	0	0	0	0	0	0	0	0	0	0	0	0	0	0	0	0	0	0	0	0	0	0	0	0	0	0	0	0	0	0	0	-0.10968771249385852031543380492331e-1	0.14118714162158499247697186468041	-2.0319678613935953019813672818751	1	0	0	0	0	0	0	0	0	0	0	0	0	0	0	0	0	0	0	0	0	0	0	0	0	0	0	0	0	0	0	0	0	0	0	0	0	0	0	0	0	0	0	0	0	0	0	0	0	0	0	0	0
0	0	0	0	0	0	0	0	0	0	0	0	0	0	0	0	0	0	0	0	0	0	0	0	0	0	0	0	0	0	0	0	0	0	0	0	0	0	0	0	0	0	0	0	0	0.1091465874819337619077410667648	-3.7987714636684216347939560623128	2.1110403564183894996517169374899	1	0	0	0	0	0	0	0	0	0	0	0	0	0	0	0	0	0	0	0	0	0	0	0	0	0	0	0	0	0	0	0	0	0	0	0	0	0	0	0	0	0	0	0	0	0	0	0	0	0	0	0
0	0	0	0	0	0	0	0	0	0	0	0	0	0	0	0	0	0	0	0	0	0	0	0	0	0	0	0	0	0	0	0	0	0	0	0	0	0	0	0	0	0	0	0	0	0	0.10337499116081310891829277902998e-1	-0.42333382040188944121236902424302e-1	-10.185062313116680129458310144717	1	0	0	0	0	0	0	0	0	0	0	0	0	0	0	0	0	0	0	0	0	0	0	0	0	0	0	0	0	0	0	0	0	0	0	0	0	0	0	0	0	0	0	0	0	0	0	0	0	0	0
0	0	0	0	0	0	0	0	0	0	0	0	0	0	0	0	0	0	0	0	0	0	0	0	0	0	0	0	0	0	0	0	0	0	0	0	0	0	0	0	0	0	0	0	0	0	0	-0.39794914254075855949697395769852	-111.39409166951991733707934793492	10.978137476337259740615743717923	1	0	0	0	0	0	0	0	0	0	0	0	0	0	0	0	0	0	0	0	0	0	0	0	0	0	0	0	0	0	0	0	0	0	0	0	0	0	0	0	0	0	0	0	0	0	0	0	0	0
0	0	0	0	0	0	0	0	0	0	0	0	0	0	0	0	0	0	0	0	0	0	0	0	0	0	0	0	0	0	0	0	0	0	0	0	0	0	0	0	0	0	0	0	0	0	0	0	-1.2748060573627057364091055984685	0.83439736287926504732284215823863e-1	0.5007916797166863615902798780589	1	0	0	0	0	0	0	0	0	0	0	0	0	0	0	0	0	0	0	0	0	0	0	0	0	0	0	0	0	0	0	0	0	0	0	0	0	0	0	0	0	0	0	0	0	0	0	0	0
0	0	0	0	0	0	0	0	0	0	0	0	0	0	0	0	0	0	0	0	0	0	0	0	0	0	0	0	0	0	0	0	0	0	0	0	0	0	0	0	0	0	0	0	0	0	0	0	0	0.88267693289361117131421149253235e-2	-0.62042980234534344960232628261563	-1.2283416276020396022328380302078	1	0	0	0	0	0	0	0	0	0	0	0	0	0	0	0	0	0	0	0	0	0	0	0	0	0	0	0	0	0	0	0	0	0	0	0	0	0	0	0	0	0	0	0	0	0	0	0
0	0	0	0	0	0	0	0	0	0	0	0	0	0	0	0	0	0	0	0	0	0	0	0	0	0	0	0	0	0	0	0	0	0	0	0	0	0	0	0	0	0	0	0	0	0	0	0	0	0	0.39493079323459971987879410866903e-1	0.44771107174732163185490717108422e-1	-0.87983581148497587552433946124904	1	0	0	0	0	0	0	0	0	0	0	0	0	0	0	0	0	0	0	0	0	0	0	0	0	0	0	0	0	0	0	0	0	0	0	0	0	0	0	0	0	0	0	0	0	0	0
0	0	0	0	0	0	0	0	0	0	0	0	0	0	0	0	0	0	0	0	0	0	0	0	0	0	0	0	0	0	0	0	0	0	0	0	0	0	0	0	0	0	0	0	0	0	0	0	0	0	0	-0.13850551448115924181673689142481e-1	-0.9068322840129381390347898793138	-2.944813720809175122052460252864	1	0	0	0	0	0	0	0	0	0	0	0	0	0	0	0	0	0	0	0	0	0	0	0	0	0	0	0	0	0	0	0	0	0	0	0	0	0	0	0	0	0	0	0	0	0
0	0	0	0	0	0	0	0	0	0	0	0	0	0	0	0	0	0	0	0	0	0	0	0	0	0	0	0	0	0	0	0	0	0	0	0	0	0	0	0	0	0	0	0	0	0	0	0	0	0	0	0	-2.5520885737849123877582652687798	-11.747035130086389644251488702703	3.8523840985952668200701033700964	1	0	0	0	0	0	0	0	0	0	0	0	0	0	0	0	0	0	0	0	0	0	0	0	0	0	0	0	0	0	0	0	0	0	0	0	0	0	0	0	0	0	0	0	0
0	0	0	0	0	0	0	0	0	0	0	0	0	0	0	0	0	0	0	0	0	0	0	0	0	0	0	0	0	0	0	0	0	0	0	0	0	0	0	0	0	0	0	0	0	0	0	0	0	0	0	0	0	-4.9217050276779633552874664982031	1.1484877887656419173685910393199	0.62751547425868320862798766717008e-2	1	0	0	0	0	0	0	0	0	0	0	0	0	0	0	0	0	0	0	0	0	0	0	0	0	0	0	0	0	0	0	0	0	0	0	0	0	0	0	0	0	0	0	0
0	0	0	0	0	0	0	0	0	0	0	0	0	0	0	0	0	0	0	0	0	0	0	0	0	0	0	0	0	0	0	0	0	0	0	0	0	0	0	0	0	0	0	0	0	0	0	0	0	0	0	0	0	0	0.24350444857554691506775044616207e-2	-0.35639561418274736676216140105196e-2	-0.96810112487331606878559016208912	1	0	0	0	0	0	0	0	0	0	0	0	0	0	0	0	0	0	0	0	0	0	0	0	0	0	0	0	0	0	0	0	0	0	0	0	0	0	0	0	0	0	0
0	0	0	0	0	0	0	0	0	0	0	0	0	0	0	0	0	0	0	0	0	0	0	0	0	0	0	0	0	0	0	0	0	0	0	0	0	0	0	0	0	0	0	0	0	0	0	0	0	0	0	0	0	0	0	-0.52599658632000184713914226197692e-2	-0.14097597928760229992560163568241	0.83333836647873160113543472082386	1	0	0	0	0	0	0	0	0	0	0	0	0	0	0	0	0	0	0	0	0	0	0	0	0	0	0	0	0	0	0	0	0	0	0	0	0	0	0	0	0	0
0	0	0	0	0	0	0	0	0	0	0	0	0	0	0	0	0	0	0	0	0	0	0	0	0	0	0	0	0	0	0	0	0	0	0	0	0	0	0	0	0	0	0	0	0	0	0	0	0	0	0	0	0	0	0	0	0.72127292975469805270084594056701e-1	0.46481274534825045725379875157233e-1	-1.813267075666016884105083882007	1	0	0	0	0	0	0	0	0	0	0	0	0	0	0	0	0	0	0	0	0	0	0	0	0	0	0	0	0	0	0	0	0	0	0	0	0	0	0	0	0
0	0	0	0	0	0	0	0	0	0	0	0	0	0	0	0	0	0	0	0	0	0	0	0	0	0	0	0	0	0	0	0	0	0	0	0	0	0	0	0	0	0	0	0	0	0	0	0	0	0	0	0	0	0	0	0	0	0.60958965845506858194388374843397e-2	-2.8675538799310988415674364717461	1.7343035114199540235874045668714	1	0	0	0	0	0	0	0	0	0	0	0	0	0	0	0	0	0	0	0	0	0	0	0	0	0	0	0	0	0	0	0	0	0	0	0	0	0	0	0
0	0	0	0	0	0	0	0	0	0	0	0	0	0	0	0	0	0	0	0	0	0	0	0	0	0	0	0	0	0	0	0	0	0	0	0	0	0	0	0	0	0	0	0	0	0	0	0	0	0	0	0	0	0	0	0	0	0	0.91639512513423501396562990026375e-1	-0.85576693303558565789819044016401	-25.442818747108323623771052629458	1	0	0	0	0	0	0	0	0	0	0	0	0	0	0	0	0	0	0	0	0	0	0	0	0	0	0	0	0	0	0	0	0	0	0	0	0	0	0
0	0	0	0	0	0	0	0	0	0	0	0	0	0	0	0	0	0	0	0	0	0	0	0	0	0	0	0	0	0	0	0	0	0	0	0	0	0	0	0	0	0	0	0	0	0	0	0	0	0	0	0	0	0	0	0	0	0	0	-20.463614587447614469643458002051	-649.35934542469446500220349162278	25.575375360549210917541622020908	1	0	0	0	0	0	0	0	0	0	0	0	0	0	0	0	0	0	0	0	0	0	0	0	0	0	0	0	0	0	0	0	0	0	0	0	0	0
0	0	0	0	0	0	0	0	0	0	0	0	0	0	0	0	0	0	0	0	0	0	0	0	0	0	0	0	0	0	0	0	0	0	0	0	0	0	0	0	0	0	0	0	0	0	0	0	0	0	0	0	0	0	0	0	0	0	0	0	0.50493643602962344993815244072034e-1	-0.51953579224972612349956594330985e-2	-4.5277731354707097034493117136062	1	0	0	0	0	0	0	0	0	0	0	0	0	0	0	0	0	0	0	0	0	0	0	0	0	0	0	0	0	0	0	0	0	0	0	0	0
0	0	0	0	0	0	0	0	0	0	0	0	0	0	0	0	0	0	0	0	0	0	0	0	0	0	0	0	0	0	0	0	0	0	0	0	0	0	0	0	0	0	0	0	0	0	0	0	0	0	0	0	0	0	0	0	0	0	0	0	0	-0.20240012773310473043139616626992e-1	-19.928765183843981289495564150529	4.4640568836426813298922097997086	1	0	0	0	0	0	0	0	0	0	0	0	0	0	0	0	0	0	0	0	0	0	0	0	0	0	0	0	0	0	0	0	0	0	0	0
0	0	0	0	0	0	0	0	0	0	0	0	0	0	0	0	0	0	0	0	0	0	0	0	0	0	0	0	0	0	0	0	0	0	0	0	0	0	0	0	0	0	0	0	0	0	0	0	0	0	0	0	0	0	0	0	0	0	0	0	0	0	-0.77653315494827806367728560259483e-1	0.17017651900997761271898107648609e-1	0.78945305140990860226260114673452	1	0	0	0	0	0	0	0	0	0	0	0	0	0	0	0	0	0	0	0	0	0	0	0	0	0	0	0	0	0	0	0	0	0	0
0	0	0	0	0	0	0	0	0	0	0	0	0	0	0	0	0	0	0	0	0	0	0	0	0	0	0	0	0	0	0	0	0	0	0	0	0	0	0	0	0	0	0	0	0	0	0	0	0	0	0	0	0	0	0	0	0	0	0	0	0	0	0	-0.22700640400037540339272624869258e-2	0.21488982216990867007968704241187	-1.0342922731150533916557346064728	1	0	0	0	0	0	0	0	0	0	0	0	0	0	0	0	0	0	0	0	0	0	0	0	0	0	0	0	0	0	0	0	0	0
0	0	0	0	0	0	0	0	0	0	0	0	0	0	0	0	0	0	0	0	0	0	0	0	0	0	0	0	0	0	0	0	0	0	0	0	0	0	0	0	0	0	0	0	0	0	0	0	0	0	0	0	0	0	0	0	0	0	0	0	0	0	0	0	-0.39056896721801810742083725780094	-0.59033789398549564879524075460835	0.41631987383436133618795321349491e-1	1	0	0	0	0	0	0	0	0	0	0	0	0	0	0	0	0	0	0	0	0	0	0	0	0	0	0	0	0	0	0	0	0
0	0	0	0	0	0	0	0	0	0	0	0	0	0	0	0	0	0	0	0	0	0	0	0	0	0	0	0	0	0	0	0	0	0	0	0	0	0	0	0	0	0	0	0	0	0	0	0	0	0	0	0	0	0	0	0	0	0	0	0	0	0	0	0	0	0.52947556350210948041525828827147e-2	0.27206795733916048189952805141318	0.62181868305658986448880696993186	1	0	0	0	0	0	0	0	0	0	0	0	0	0	0	0	0	0	0	0	0	0	0	0	0	0	0	0	0	0	0	0
0	0	0	0	0	0	0	0	0	0	0	0	0	0	0	0	0	0	0	0	0	0	0	0	0	0	0	0	0	0	0	0	0	0	0	0	0	0	0	0	0	0	0	0	0	0	0	0	0	0	0	0	0	0	0	0	0	0	0	0	0	0	0	0	0	0	-0.10136999959616715950458006742818	0.39475596192844603187955353950774	1.2637971309815303088377427837073	1	0	0	0	0	0	0	0	0	0	0	0	0	0	0	0	0	0	0	0	0	0	0	0	0	0	0	0	0	0	0
0	0	0	0	0	0	0	0	0	0	0	0	0	0	0	0	0	0	0	0	0	0	0	0	0	0	0	0	0	0	0	0	0	0	0	0	0	0	0	0	0	0	0	0	0	0	0	0	0	0	0	0	0	0	0	0	0	0	0	0	0	0	0	0	0	0	0	-0.3027916265774516055404767170106e-1	0.54575688719515937403195863548874e-2	29.627630675505461072024257350821	1	0	0	0	0	0	0	0	0	0	0	0	0	0	0	0	0	0	0	0	0	0	0	0	0	0	0	0	0	0
0	0	0	0	0	0	0	0	0	0	0	0	0	0	0	0	0	0	0	0	0	0	0	0	0	0	0	0	0	0	0	0	0	0	0	0	0	0	0	0	0	0	0	0	0	0	0	0	0	0	0	0	0	0	0	0	0	0	0	0	0	0	0	0	0	0	0	0	-2.6024887540460657561893461744973	-912.49729706994152062220157474415	-30.754997586310365672248626775501	1	0	0	0	0	0	0	0	0	0	0	0	0	0	0	0	0	0	0	0	0	0	0	0	0	0	0	0	0
0	0	0	0	0	0	0	0	0	0	0	0	0	0	0	0	0	0	0	0	0	0	0	0	0	0	0	0	0	0	0	0	0	0	0	0	0	0	0	0	0	0	0	0	0	0	0	0	0	0	0	0	0	0	0	0	0	0	0	0	0	0	0	0	0	0	0	0	0	0.8022314873993072942272170594824	0.2426801224267403690733355481901e-1	-0.40243023402130020352668651833246	1	0	0	0	0	0	0	0	0	0	0	0	0	0	0	0	0	0	0	0	0	0	0	0	0	0	0	0
0	0	0	0	0	0	0	0	0	0	0	0	0	0	0	0	0	0	0	0	0	0	0	0	0	0	0	0	0	0	0	0	0	0	0	0	0	0	0	0	0	0	0	0	0	0	0	0	0	0	0	0	0	0	0	0	0	0	0	0	0	0	0	0	0	0	0	0	0	0	0.15463049383319048699078617680511e-3	0.79190359788394887577630339693478e-1	1.0283987059344070834910160376874	1	0	0	0	0	0	0	0	0	0	0	0	0	0	0	0	0	0	0	0	0	0	0	0	0	0	0
0	0	0	0	0	0	0	0	0	0	0	0	0	0	0	0	0	0	0	0	0	0	0	0	0	0	0	0	0	0	0	0	0	0	0	0	0	0	0	0	0	0	0	0	0	0	0	0	0	0	0	0	0	0	0	0	0	0	0	0	0	0	0	0	0	0	0	0	0	0	0	-0.55965231556944814856080855077785e-1	-0.87541935813957807647974600574226	-1.5146645870228827201061938725369	1	0	0	0	0	0	0	0	0	0	0	0	0	0	0	0	0	0	0	0	0	0	0	0	0	0
0	0	0	0	0	0	0	0	0	0	0	0	0	0	0	0	0	0	0	0	0	0	0	0	0	0	0	0	0	0	0	0	0	0	0	0	0	0	0	0	0	0	0	0	0	0	0	0	0	0	0	0	0	0	0	0	0	0	0	0	0	0	0	0	0	0	0	0	0	0	0	0	0.6019005750450331558938961164253e-1	-0.86114166613695483494970136625428e-1	-1.0742081107604685337720782692908	1	0	0	0	0	0	0	0	0	0	0	0	0	0	0	0	0	0	0	0	0	0	0	0	0
0	0	0	0	0	0	0	0	0	0	0	0	0	0	0	0	0	0	0	0	0	0	0	0	0	0	0	0	0	0	0	0	0	0	0	0	0	0	0	0	0	0	0	0	0	0	0	0	0	0	0	0	0	0	0	0	0	0	0	0	0	0	0	0	0	0	0	0	0	0	0	0	0	0.11120816048128997669629364719902	-1.7936741495293401143102815391336	1.5610413608655932828767739002999	1	0	0	0	0	0	0	0	0	0	0	0	0	0	0	0	0	0	0	0	0	0	0	0
0	0	0	0	0	0	0	0	0	0	0	0	0	0	0	0	0	0	0	0	0	0	0	0	0	0	0	0	0	0	0	0	0	0	0	0	0	0	0	0	0	0	0	0	0	0	0	0	0	0	0	0	0	0	0	0	0	0	0	0	0	0	0	0	0	0	0	0	0	0	0	0	0	0	-0.19659488366725040493072935556641e-2	-0.34715174922309485804323449982856e-2	4.1516460643725919990627965658121	1	0	0	0	0	0	0	0	0	0	0	0	0	0	0	0	0	0	0	0	0	0	0
0	0	0	0	0	0	0	0	0	0	0	0	0	0	0	0	0	0	0	0	0	0	0	0	0	0	0	0	0	0	0	0	0	0	0	0	0	0	0	0	0	0	0	0	0	0	0	0	0	0	0	0	0	0	0	0	0	0	0	0	0	0	0	0	0	0	0	0	0	0	0	0	0	0	0	0.20586772776500066151534532323805e-1	-15.697590138328485893246926012986	-3.7897006057277471271669507929315	1	0	0	0	0	0	0	0	0	0	0	0	0	0	0	0	0	0	0	0	0	0
0	0	0	0	0	0	0	0	0	0	0	0	0	0	0	0	0	0	0	0	0	0	0	0	0	0	0	0	0	0	0	0	0	0	0	0	0	0	0	0	0	0	0	0	0	0	0	0	0	0	0	0	0	0	0	0	0	0	0	0	0	0	0	0	0	0	0	0	0	0	0	0	0	0	0	0	-0.2266234831697376752777345992067	-0.10360801667071899839991051124292	-0.18382082852887372717934919970135	1	0	0	0	0	0	0	0	0	0	0	0	0	0	0	0	0	0	0	0	0
0	0	0	0	0	0	0	0	0	0	0	0	0	0	0	0	0	0	0	0	0	0	0	0	0	0	0	0	0	0	0	0	0	0	0	0	0	0	0	0	0	0	0	0	0	0	0	0	0	0	0	0	0	0	0	0	0	0	0	0	0	0	0	0	0	0	0	0	0	0	0	0	0	0	0	0	0	0.74260061526676250052697289927987e-1	0.75847128410560353213009150136003	-0.19854430364801593523125162591395	1	0	0	0	0	0	0	0	0	0	0	0	0	0	0	0	0	0	0	0
0	0	0	0	0	0	0	0	0	0	0	0	0	0	0	0	0	0	0	0	0	0	0	0	0	0	0	0	0	0	0	0	0	0	0	0	0	0	0	0	0	0	0	0	0	0	0	0	0	0	0	0	0	0	0	0	0	0	0	0	0	0	0	0	0	0	0	0	0	0	0	0	0	0	0	0	0	0	-0.12387753351119271833177463827439e-1	-0.20715777994769012272573532667675e-1	-0.6396652046729346236956932811243	1	0	0	0	0	0	0	0	0	0	0	0	0	0	0	0	0	0	0
0	0	0	0	0	0	0	0	0	0	0	0	0	0	0	0	0	0	0	0	0	0	0	0	0	0	0	0	0	0	0	0	0	0	0	0	0	0	0	0	0	0	0	0	0	0	0	0	0	0	0	0	0	0	0	0	0	0	0	0	0	0	0	0	0	0	0	0	0	0	0	0	0	0	0	0	0	0	0	-0.57499593344137104011735888038162e-2	-0.79156087349410144360439415803687	2.1622927211531165065120785504813	1	0	0	0	0	0	0	0	0	0	0	0	0	0	0	0	0	0
0	0	0	0	0	0	0	0	0	0	0	0	0	0	0	0	0	0	0	0	0	0	0	0	0	0	0	0	0	0	0	0	0	0	0	0	0	0	0	0	0	0	0	0	0	0	0	0	0	0	0	0	0	0	0	0	0	0	0	0	0	0	0	0	0	0	0	0	0	0	0	0	0	0	0	0	0	0	0	0	1.189187312438407182546323346685	-2.6227486345000099165949452105113	-1.6875883507026755428872360578716	1	0	0	0	0	0	0	0	0	0	0	0	0	0	0	0	0
0	0	0	0	0	0	0	0	0	0	0	0	0	0	0	0	0	0	0	0	0	0	0	0	0	0	0	0	0	0	0	0	0	0	0	0	0	0	0	0	0	0	0	0	0	0	0	0	0	0	0	0	0	0	0	0	0	0	0	0	0	0	0	0	0	0	0	0	0	0	0	0	0	0	0	0	0	0	0	0	0	-0.10577499138662079406382761340961	0.2172202258689114057607641642478	0.15947891475137831157421197166846	1	0	0	0	0	0	0	0	0	0	0	0	0	0	0	0
0	0	0	0	0	0	0	0	0	0	0	0	0	0	0	0	0	0	0	0	0	0	0	0	0	0	0	0	0	0	0	0	0	0	0	0	0	0	0	0	0	0	0	0	0	0	0	0	0	0	0	0	0	0	0	0	0	0	0	0	0	0	0	0	0	0	0	0	0	0	0	0	0	0	0	0	0	0	0	0	0	0	0.43176658548267111746952649637934e-3	-0.32784165217129127551290564406199e-2	2.0931652787942040060504647343301	1	0	0	0	0	0	0	0	0	0	0	0	0	0	0
0	0	0	0	0	0	0	0	0	0	0	0	0	0	0	0	0	0	0	0	0	0	0	0	0	0	0	0	0	0	0	0	0	0	0	0	0	0	0	0	0	0	0	0	0	0	0	0	0	0	0	0	0	0	0	0	0	0	0	0	0	0	0	0	0	0	0	0	0	0	0	0	0	0	0	0	0	0	0	0	0	0	0	0.12674126606826650107180083506758e-1	-7.4819052345473465285330397099331	-2.9362519149355335841385393692002	1	0	0	0	0	0	0	0	0	0	0	0	0	0
0	0	0	0	0	0	0	0	0	0	0	0	0	0	0	0	0	0	0	0	0	0	0	0	0	0	0	0	0	0	0	0	0	0	0	0	0	0	0	0	0	0	0	0	0	0	0	0	0	0	0	0	0	0	0	0	0	0	0	0	0	0	0	0	0	0	0	0	0	0	0	0	0	0	0	0	0	0	0	0	0	0	0	0	-0.74906202508921055529847250962142	0.72936036197895578966778036768672	0.57207458356787280856196962192193	1	0	0	0	0	0	0	0	0	0	0	0	0
0	0	0	0	0	0	0	0	0	0	0	0	0	0	0	0	0	0	0	0	0	0	0	0	0	0	0	0	0	0	0	0	0	0	0	0	0	0	0	0	0	0	0	0	0	0	0	0	0	0	0	0	0	0	0	0	0	0	0	0	0	0	0	0	0	0	0	0	0	0	0	0	0	0	0	0	0	0	0	0	0	0	0	0	0	0.82032176102216595596722990730727	0.7920710770953896285539624737859	0.26438186100806843351291700162115	1	0	0	0	0	0	0	0	0	0	0	0
0	0	0	0	0	0	0	0	0	0	0	0	0	0	0	0	0	0	0	0	0	0	0	0	0	0	0	0	0	0	0	0	0	0	0	0	0	0	0	0	0	0	0	0	0	0	0	0	0	0	0	0	0	0	0	0	0	0	0	0	0	0	0	0	0	0	0	0	0	0	0	0	0	0	0	0	0	0	0	0	0	0	0	0	0	0	-0.29329995839064203580877893118226e-3	0.42752343130352381128649271788986e-3	0.8909338536271517016619310410741	1	0	0	0	0	0	0	0	0	0	0
0	0	0	0	0	0	0	0	0	0	0	0	0	0	0	0	0	0	0	0	0	0	0	0	0	0	0	0	0	0	0	0	0	0	0	0	0	0	0	0	0	0	0	0	0	0	0	0	0	0	0	0	0	0	0	0	0	0	0	0	0	0	0	0	0	0	0	0	0	0	0	0	0	0	0	0	0	0	0	0	0	0	0	0	0	0	0	-0.11828225490369976129166884188987e-3	-0.364770896375526920611004472279	-0.76460903838429716001134025339831	1	0	0	0	0	0	0	0	0	0
0	0	0	0	0	0	0	0	0	0	0	0	0	0	0	0	0	0	0	0	0	0	0	0	0	0	0	0	0	0	0	0	0	0	0	0	0	0	0	0	0	0	0	0	0	0	0	0	0	0	0	0	0	0	0	0	0	0	0	0	0	0	0	0	0	0	0	0	0	0	0	0	0	0	0	0	0	0	0	0	0	0	0	0	0	0	0	0	-0.40017104186120466630406853979865	-0.36889402342062920025686614570171	-0.40070917313708481953314672848313	1	0	0	0	0	0	0	0	0
0	0	0	0	0	0	0	0	0	0	0	0	0	0	0	0	0	0	0	0	0	0	0	0	0	0	0	0	0	0	0	0	0	0	0	0	0	0	0	0	0	0	0	0	0	0	0	0	0	0	0	0	0	0	0	0	0	0	0	0	0	0	0	0	0	0	0	0	0	0	0	0	0	0	0	0	0	0	0	0	0	0	0	0	0	0	0	0	0	0.39120459968167256638896096506516e-1	0.6606657633848634175003088606287	0.27206515455791999272818594630819	1	0	0	0	0	0	0	0
0	0	0	0	0	0	0	0	0	0	0	0	0	0	0	0	0	0	0	0	0	0	0	0	0	0	0	0	0	0	0	0	0	0	0	0	0	0	0	0	0	0	0	0	0	0	0	0	0	0	0	0	0	0	0	0	0	0	0	0	0	0	0	0	0	0	0	0	0	0	0	0	0	0	0	0	0	0	0	0	0	0	0	0	0	0	0	0	0	0	0.18218937474798331216201330174796e-2	-0.24919200553771667896812066328049e-2	1.2765353660488758288370129209661	1	0	0	0	0	0	0
0	0	0	0	0	0	0	0	0	0	0	0	0	0	0	0	0	0	0	0	0	0	0	0	0	0	0	0	0	0	0	0	0	0	0	0	0	0	0	0	0	0	0	0	0	0	0	0	0	0	0	0	0	0	0	0	0	0	0	0	0	0	0	0	0	0	0	0	0	0	0	0	0	0	0	0	0	0	0	0	0	0	0	0	0	0	0	0	0	0	0	0.20043393962888285553631537359267e-2	-0.91218037973928192892638741147476	0.15781603122854513861767004857217	1	0	0	0	0	0
0	0	0	0	0	0	0	0	0	0	0	0	0	0	0	0	0	0	0	0	0	0	0	0	0	0	0	0	0	0	0	0	0	0	0	0	0	0	0	0	0	0	0	0	0	0	0	0	0	0	0	0	0	0	0	0	0	0	0	0	0	0	0	0	0	0	0	0	0	0	0	0	0	0	0	0	0	0	0	0	0	0	0	0	0	0	0	0	0	0	0	0	0.16407025209536674527354534243533	-1.7352514042333021966396294136883	-2.5113029349530498729734901073263	1	0	0	0	0
0	0	0	0	0	0	0	0	0	0	0	0	0	0	0	0	0	0	0	0	0	0	0	0	0	0	0	0	0	0	0	0	0	0	0	0	0	0	0	0	0	0	0	0	0	0	0	0	0	0	0	0	0	0	0	0	0	0	0	0	0	0	0	0	0	0	0	0	0	0	0	0	0	0	0	0	0	0	0	0	0	0	0	0	0	0	0	0	0	0	0	0	0	-0.50082391021721198109234916224852	-1.2006066951624997541602676164091	1.0823446777841765013410259409708	1	0	0	0
0	0	0	0	0	0	0	0	0	0	0	0	0	0	0	0	0	0	0	0	0	0	0	0	0	0	0	0	0	0	0	0	0	0	0	0	0	0	0	0	0	0	0	0	0	0	0	0	0	0	0	0	0	0	0	0	0	0	0	0	0	0	0	0	0	0	0	0	0	0	0	0	0	0	0	0	0	0	0	0	0	0	0	0	0	0	0	0	0	0	0	0	0	0	-0.10663177975948563344142093027903e-2	0.29955232457597258511694499102069e-2	-1.1631094710813971930309225500336	1	0	0
0	0	0	0	0	0	0	0	0	0	0	0	0	0	0	0	0	0	0	0	0	0	0	0	0	0	0	0	0	0	0	0	0	0	0	0	0	0	0	0	0	0	0	0	0	0	0	0	0	0	0	0	0	0	0	0	0	0	0	0	0	0	0	0	0	0	0	0	0	0	0	0	0	0	0	0	0	0	0	0	0	0	0	0	0	0	0	0	0	0	0	0	0	0	0	0.135592682520269398234270082801e-2	-1.0250313505486403410126493935564	1.1199364368253931277110234612236	1	0
0	0	0	0	0	0	0	0	0	0	0	0	0	0	0	0	0	0	0	0	0	0	0	0	0	0	0	0	0	0	0	0	0	0	0	0	0	0	0	0	0	0	0	0	0	0	0	0	0	0	0	0	0	0	0	0	0	0	0	0	0	0	0	0	0	0	0	0	0	0	0	0	0	0	0	0	0	0	0	0	0	0	0	0	0	0	0	0	0	0	0	0	0	0	0	0	0.34097030554179522905588688681288e-1	0.1320090803870055280761708738289e-1	-1.9651772292454367935638416240546	1
0	0	0	0	0	0	0	0	0	0	0	0	0	0	0	0	0	0	0	0	0	0	0	0	0	0	0	0	0	0	0	0	0	0	0	0	0	0	0	0	0	0	0	0	0	0	0	0	0	0	0	0	0	0	0	0	0	0	0	0	0	0	0	0	0	0	0	0	0	0	0	0	0	0	0	0	0	0	0	0	0	0	0	0	0	0	0	0	0	0	0	0	0	0	0	0	0	-0.27899891919652274354168187420016e-1	-3.5150361218179336807225517145131	2.0080137432010846390671969562481

Matrix A
0
