
Date:4/5/2009
Time:13:8:55
Output format: Text
Calculations precision: 64

Initial classic operator matrix and disturb polynomials
0.000000	0.000000	0.000000	1.00000
0.000000	0.000000	0.000000	1.00000
0.000000	0.000000	0.000000	1.00000
0.500000	0.000000	0.000000	1.00000
0.100000	0.000000	0.000000	1.00000
0.0666667	0.000000	0.000000	1.00000
0.285714	0.000000	0.000000	1.00000
0.119048	0.000000	0.000000	1.00000
0.0952381	0.000000	0.000000	1.00000
0.233333	0.000000	0.000000	1.00000
0.127273	0.000000	0.000000	1.00000
0.109091	0.000000	0.000000	1.00000
0.209790	0.000000	0.000000	1.00000
0.131868	0.000000	0.000000	1.00000
0.117216	0.000000	0.000000	1.00000
0.196429	0.000000	0.000000	1.00000
0.134804	0.000000	0.000000	1.00000
0.122549	0.000000	0.000000	1.00000
0.187822	0.000000	0.000000	1.00000
0.136842	0.000000	0.000000	1.00000
0.126316	0.000000	0.000000	1.00000
0.181818	0.000000	0.000000	1.00000
0.138340	0.000000	0.000000	1.00000
0.129117	0.000000	0.000000	1.00000
0.177391	0.000000	0.000000	1.00000
0.139487	0.000000	0.000000	1.00000
0.131282	0.000000	0.000000	1.00000
0.173993	0.000000	0.000000	1.00000
0.140394	0.000000	0.000000	1.00000
0.133005	0.000000	0.000000	1.00000
0.171301	0.000000	0.000000	1.00000
0.141129	0.000000	0.000000	1.00000
0.134409	0.000000	0.000000	1.00000
0.169118	0.000000	0.000000	1.00000
0.141737	0.000000	0.000000	1.00000
0.135574	0.000000	0.000000	1.00000
0.167310	0.000000	0.000000	1.00000
0.142248	0.000000	0.000000	1.00000
0.136558	0.000000	0.000000	1.00000
0.165789	0.000000	0.000000	1.00000
0.142683	0.000000	0.000000	1.00000
0.137398	0.000000	0.000000	1.00000
0.164492	0.000000	0.000000	1.00000
0.143058	0.000000	0.000000	1.00000
0.138125	0.000000	0.000000	1.00000
0.163373	0.000000	0.000000	1.00000
0.143386	0.000000	0.000000	1.00000
0.138760	0.000000	0.000000	1.00000
0.162397	0.000000	0.000000	1.00000
0.143673	0.000000	0.000000	1.00000
0.139320	0.000000	0.000000	1.00000
0.161538	0.000000	0.000000	1.00000
0.143928	0.000000	0.000000	1.00000
0.139816	0.000000	0.000000	1.00000
0.160778	0.000000	0.000000	1.00000
0.144156	0.000000	0.000000	1.00000
0.140260	0.000000	0.000000	1.00000
0.160099	0.000000	0.000000	1.00000
0.144360	0.000000	0.000000	1.00000
0.140658	0.000000	0.000000	1.00000
0.159489	0.000000	0.000000	1.00000
0.144544	0.000000	0.000000	1.00000
0.141019	0.000000	0.000000	1.00000
0.158938	0.000000	0.000000	1.00000
0.144712	0.000000	0.000000	1.00000
0.141346	0.000000	0.000000	1.00000
0.158439	0.000000	0.000000	1.00000
0.144864	0.000000	0.000000	1.00000
0.141645	0.000000	0.000000	1.00000
0.157983	0.000000	0.000000	1.00000
0.145003	0.000000	0.000000	1.00000
0.141918	0.000000	0.000000	1.00000
0.157566	0.000000	0.000000	1.00000
0.145131	0.000000	0.000000	1.00000
0.142170	0.000000	0.000000	1.00000
0.157183	0.000000	0.000000	1.00000
0.145249	0.000000	0.000000	1.00000
0.142401	0.000000	0.000000	1.00000
0.156831	0.000000	0.000000	1.00000
0.145359	0.000000	0.000000	1.00000
0.142616	0.000000	0.000000	1.00000
0.156504	0.000000	0.000000	1.00000
0.145460	0.000000	0.000000	1.00000
0.142815	0.000000	0.000000	1.00000
0.156201	0.000000	0.000000	1.00000
0.145554	0.000000	0.000000	1.00000
0.143000	0.000000	0.000000	1.00000
0.155920	0.000000	0.000000	1.00000
0.145642	0.000000	0.000000	1.00000
0.143173	0.000000	0.000000	1.00000
0.155657	0.000000	0.000000	1.00000
0.145724	0.000000	0.000000	1.00000
0.143335	0.000000	0.000000	1.00000
0.155412	0.000000	0.000000	1.00000
0.145801	0.000000	0.000000	1.00000
0.143486	0.000000	0.000000	1.00000
0.155182	0.000000	0.000000	1.00000
0.145873	0.000000	0.000000	1.00000
0.143629	0.000000	0.000000	1.00000
0.154966	0.000000	0.000000	0.000000
z^(3)-0.037037z^(0)
z^(3)+0.037037z^(0)
Modified moments calculating ...
-0.0370370	0.000000	0.000000	0.000000	0.000000	0.000000	0.000000	0.000000	0.000000	0.000000	0.000000	0.000000	0.000000	0.000000	0.000000	0.000000	0.000000	0.000000	0.000000	0.000000	0.000000	0.000000	0.000000	0.000000	0.000000	0.000000	0.000000	0.000000	0.000000	0.000000	0.000000	0.000000	0.000000	0.000000	0.000000	0.000000	0.000000	0.000000	0.000000	0.000000	0.000000	0.000000	0.000000	0.000000	0.000000	0.000000	0.000000	0.000000	0.000000	0.000000	0.000000	0.000000	0.000000	0.000000	0.000000	0.000000	0.000000	0.000000	0.000000	0.000000	0.000000	0.000000	0.000000	0.000000	0.000000	0.000000	0.000000	0.000000	0.000000	0.000000	0.000000	0.000000	0.000000	0.000000	0.000000	0.000000	0.000000	0.000000	0.000000	0.000000	0.000000	0.000000	0.000000	0.000000	0.000000	0.000000	0.000000	0.000000	0.000000	0.000000	0.000000	0.000000	0.000000	0.000000	0.000000	0.000000	0.000000	0.000000	0.000000	0.000000
0.000000	0.537037	0.000000	0.000000	0.0833333	0.000000	0.000000	0.00396825	0.000000	0.000000	0.000000	0.000000	0.000000	0.000000	0.000000	0.000000	0.000000	0.000000	0.000000	0.000000	0.000000	0.000000	0.000000	0.000000	0.000000	0.000000	0.000000	0.000000	0.000000	0.000000	0.000000	0.000000	0.000000	0.000000	0.000000	0.000000	0.000000	0.000000	0.000000	0.000000	0.000000	0.000000	0.000000	0.000000	0.000000	0.000000	0.000000	0.000000	0.000000	0.000000	0.000000	0.000000	0.000000	0.000000	0.000000	0.000000	0.000000	0.000000	0.000000	0.000000	0.000000	0.000000	0.000000	0.000000	0.000000	0.000000	0.000000	0.000000	0.000000	0.000000	0.000000	0.000000	0.000000	0.000000	0.000000	0.000000	0.000000	0.000000	0.000000	0.000000	0.000000	0.000000	0.000000	0.000000	0.000000	0.000000	0.000000	0.000000	0.000000	0.000000	0.000000	0.000000	0.000000	0.000000	0.000000	0.000000	0.000000	0.000000	0.000000	0.000000
Vector Modified Chebushev algorithm ...
0.000000	0.000000	0.000000	1.00000
0.000000	0.000000	0.000000	1.00000
0.000000	0.000000	0.000000	1.00000
0.655172	0.000000	0.000000	1.00000
0.000000	0.000000	0.000000	1.00000
0.0904416	0.000000	0.000000	1.00000
0.000000	0.000000	0.000000	1.00000
0.428968	0.000000	0.000000	1.00000
0.000000	0.000000	0.000000	1.00000
0.147512	0.000000	0.000000	1.00000
0.000000	0.000000	0.000000	1.00000
0.355267	0.000000	0.000000	1.00000
0.000000	0.000000	0.000000	1.00000
0.179562	0.000000	0.000000	1.00000
0.000000	0.000000	0.000000	1.00000
0.319602	0.000000	0.000000	1.00000
0.000000	0.000000	0.000000	1.00000
0.199121	0.000000	0.000000	1.00000
0.000000	0.000000	0.000000	1.00000
0.299469	0.000000	0.000000	1.00000
0.000000	0.000000	0.000000	1.00000
0.211636	0.000000	0.000000	1.00000
0.000000	0.000000	0.000000	1.00000
0.287146	0.000000	0.000000	1.00000
0.000000	0.000000	0.000000	1.00000
0.219920	0.000000	0.000000	1.00000
0.000000	0.000000	0.000000	1.00000
0.279175	0.000000	0.000000	1.00000
0.000000	0.000000	0.000000	1.00000
0.225582	0.000000	0.000000	1.00000
0.000000	0.000000	0.000000	1.00000
0.273781	0.000000	0.000000	1.00000
0.000000	0.000000	0.000000	1.00000
0.229581	0.000000	0.000000	1.00000
0.000000	0.000000	0.000000	1.00000
0.269976	0.000000	0.000000	1.00000
0.000000	0.000000	0.000000	1.00000
0.232500	0.000000	0.000000	1.00000
0.000000	0.000000	0.000000	1.00000
0.267190	0.000000	0.000000	1.00000
0.000000	0.000000	0.000000	1.00000
0.234701	0.000000	0.000000	1.00000
0.000000	0.000000	0.000000	1.00000
0.265080	0.000000	0.000000	1.00000
0.000000	0.000000	0.000000	1.00000
0.236408	0.000000	0.000000	1.00000
0.000000	0.000000	0.000000	1.00000
0.263432	0.000000	0.000000	1.00000
0.000000	0.000000	0.000000	1.00000
0.237769	0.000000	0.000000	1.00000
0.000000	0.000000	0.000000	1.00000
0.262112	0.000000	0.000000	1.00000
0.000000	0.000000	0.000000	1.00000
0.238879	0.000000	0.000000	1.00000
0.000000	0.000000	0.000000	1.00000
0.261031	0.000000	0.000000	1.00000
0.000000	0.000000	0.000000	1.00000
0.239800	0.000000	0.000000	1.00000
0.000000	0.000000	0.000000	1.00000
0.260129	0.000000	0.000000	1.00000
0.000000	0.000000	0.000000	1.00000
0.240579	0.000000	0.000000	1.00000
0.000000	0.000000	0.000000	1.00000
0.259366	0.000000	0.000000	1.00000
0.000000	0.000000	0.000000	1.00000
0.241245	0.000000	0.000000	1.00000
0.000000	0.000000	0.000000	1.00000
0.258710	0.000000	0.000000	1.00000
0.000000	0.000000	0.000000	1.00000
0.241822	0.000000	0.000000	1.00000
0.000000	0.000000	0.000000	1.00000
0.258141	0.000000	0.000000	1.00000
0.000000	0.000000	0.000000	1.00000
0.242328	0.000000	0.000000	1.00000
0.000000	0.000000	0.000000	1.00000
0.257642	0.000000	0.000000	1.00000
0.000000	0.000000	0.000000	1.00000
0.242774	0.000000	0.000000	1.00000
0.000000	0.000000	0.000000	1.00000
0.257201	0.000000	0.000000	1.00000
0.000000	0.000000	0.000000	1.00000
0.243162	0.000000	0.000000	1.00000
0.000000	0.000000	0.000000	1.00000
0.221316	0.000000	0.000000	1.00000
0.000000	0.000000	0.000000	1.00000
-9.05094	0.000000	0.000000	1.00000
0.000000	0.000000	0.000000	1.00000
16.0004	0.000000	0.000000	1.00000
0.000000	0.000000	0.000000	1.00000
-3.02046	0.000000	0.000000	1.00000
0.000000	0.000000	0.000000	1.00000
-4.18333	0.000000	0.000000	1.00000
0.000000	0.000000	0.000000	1.00000
0.590454	0.000000	0.000000	1.00000
0.000000	0.000000	0.000000	1.00000
-0.133868	0.000000	0.000000	1.00000
0.000000	0.000000	0.000000	1.00000
17.2348	0.000000	0.000000	1.00000
0.000000	0.000000	0.000000	1.00000
-20.4440	0.000000	0.000000	0.000000