
Date:4/5/2009
Time:13:25:48
Output format: Text
Calculations precision: 64

Initial classic operator matrix and disturb polynomials
0.000000	0.000000	0.000000	1.00000
0.000000	0.000000	0.000000	1.00000
0.500000	0.000000	0.000000	1.00000
0.100000	0.000000	0.000000	1.00000
0.0666667	0.000000	0.000000	1.00000
0.285714	0.000000	0.000000	1.00000
0.119048	0.000000	0.000000	1.00000
0.0952381	0.000000	0.000000	1.00000
0.233333	0.000000	0.000000	1.00000
0.127273	0.000000	0.000000	1.00000
0.109091	0.000000	0.000000	1.00000
0.209790	0.000000	0.000000	1.00000
0.131868	0.000000	0.000000	1.00000
0.117216	0.000000	0.000000	1.00000
0.196429	0.000000	0.000000	1.00000
0.134804	0.000000	0.000000	1.00000
0.122549	0.000000	0.000000	1.00000
0.187822	0.000000	0.000000	1.00000
0.136842	0.000000	0.000000	1.00000
0.126316	0.000000	0.000000	1.00000
0.181818	0.000000	0.000000	1.00000
0.138340	0.000000	0.000000	1.00000
0.129117	0.000000	0.000000	1.00000
0.177391	0.000000	0.000000	1.00000
0.139487	0.000000	0.000000	1.00000
0.131282	0.000000	0.000000	1.00000
0.173993	0.000000	0.000000	1.00000
0.140394	0.000000	0.000000	1.00000
0.133005	0.000000	0.000000	1.00000
0.171301	0.000000	0.000000	1.00000
0.141129	0.000000	0.000000	1.00000
0.134409	0.000000	0.000000	1.00000
0.169118	0.000000	0.000000	1.00000
0.141737	0.000000	0.000000	1.00000
0.135574	0.000000	0.000000	1.00000
0.167310	0.000000	0.000000	1.00000
0.142248	0.000000	0.000000	1.00000
0.136558	0.000000	0.000000	1.00000
0.165789	0.000000	0.000000	1.00000
0.142683	0.000000	0.000000	1.00000
0.137398	0.000000	0.000000	1.00000
0.164492	0.000000	0.000000	1.00000
0.143058	0.000000	0.000000	1.00000
0.138125	0.000000	0.000000	1.00000
0.163373	0.000000	0.000000	1.00000
0.143386	0.000000	0.000000	1.00000
0.138760	0.000000	0.000000	1.00000
0.162397	0.000000	0.000000	1.00000
0.143673	0.000000	0.000000	1.00000
0.139320	0.000000	0.000000	1.00000
0.161538	0.000000	0.000000	1.00000
0.143928	0.000000	0.000000	1.00000
0.139816	0.000000	0.000000	1.00000
0.160778	0.000000	0.000000	1.00000
0.144156	0.000000	0.000000	1.00000
0.140260	0.000000	0.000000	1.00000
0.160099	0.000000	0.000000	1.00000
0.144360	0.000000	0.000000	1.00000
0.140658	0.000000	0.000000	1.00000
0.159489	0.000000	0.000000	1.00000
0.144544	0.000000	0.000000	1.00000
0.141019	0.000000	0.000000	1.00000
0.158938	0.000000	0.000000	1.00000
0.144712	0.000000	0.000000	1.00000
0.141346	0.000000	0.000000	1.00000
0.158439	0.000000	0.000000	1.00000
0.144864	0.000000	0.000000	1.00000
0.141645	0.000000	0.000000	1.00000
0.157983	0.000000	0.000000	1.00000
0.145003	0.000000	0.000000	1.00000
0.141918	0.000000	0.000000	1.00000
0.157566	0.000000	0.000000	1.00000
0.145131	0.000000	0.000000	1.00000
0.142170	0.000000	0.000000	1.00000
0.157183	0.000000	0.000000	1.00000
0.145249	0.000000	0.000000	1.00000
0.142401	0.000000	0.000000	1.00000
0.156831	0.000000	0.000000	1.00000
0.145359	0.000000	0.000000	1.00000
0.142616	0.000000	0.000000	1.00000
0.156504	0.000000	0.000000	1.00000
0.145460	0.000000	0.000000	1.00000
0.142815	0.000000	0.000000	1.00000
0.156201	0.000000	0.000000	1.00000
0.145554	0.000000	0.000000	1.00000
0.143000	0.000000	0.000000	1.00000
0.155920	0.000000	0.000000	1.00000
0.145642	0.000000	0.000000	1.00000
0.143173	0.000000	0.000000	1.00000
0.155657	0.000000	0.000000	1.00000
0.145724	0.000000	0.000000	1.00000
0.143335	0.000000	0.000000	1.00000
0.155412	0.000000	0.000000	1.00000
0.145801	0.000000	0.000000	1.00000
0.143486	0.000000	0.000000	1.00000
0.155182	0.000000	0.000000	1.00000
0.145873	0.000000	0.000000	1.00000
0.143629	0.000000	0.000000	1.00000
0.154966	0.000000	0.000000	1.00000
0.145941	0.000000	0.000000	0.000000
z^(3)+1z^(0)
z^(3)-2z^(0)
Modified moments calculating ...
1.50000	0.000000	0.000000	0.0833333	0.000000	0.000000	0.00396825	0.000000	0.000000	0.000000	0.000000	0.000000	0.000000	0.000000	0.000000	0.000000	0.000000	0.000000	0.000000	0.000000	0.000000	0.000000	0.000000	0.000000	0.000000	0.000000	0.000000	0.000000	0.000000	0.000000	0.000000	0.000000	0.000000	0.000000	0.000000	0.000000	0.000000	0.000000	0.000000	0.000000	0.000000	0.000000	0.000000	0.000000	0.000000	0.000000	0.000000	0.000000	0.000000	0.000000	0.000000	0.000000	0.000000	0.000000	0.000000	0.000000	0.000000	0.000000	0.000000	0.000000	0.000000	0.000000	0.000000	0.000000	0.000000	0.000000	0.000000	0.000000	0.000000	0.000000	0.000000	0.000000	0.000000	0.000000	0.000000	0.000000	0.000000	0.000000	0.000000	0.000000	0.000000	0.000000	0.000000	0.000000	0.000000	0.000000	0.000000	0.000000	0.000000	0.000000	0.000000	0.000000	0.000000	0.000000	0.000000	0.000000	0.000000	0.000000	0.000000	0.000000
0.000000	-1.40000	0.000000	0.000000	0.0685714	0.000000	0.000000	0.00272109	0.000000	0.000000	0.000000	0.000000	0.000000	0.000000	0.000000	0.000000	0.000000	0.000000	0.000000	0.000000	0.000000	0.000000	0.000000	0.000000	0.000000	0.000000	0.000000	0.000000	0.000000	0.000000	0.000000	0.000000	0.000000	0.000000	0.000000	0.000000	0.000000	0.000000	0.000000	0.000000	0.000000	0.000000	0.000000	0.000000	0.000000	0.000000	0.000000	0.000000	0.000000	0.000000	0.000000	0.000000	0.000000	0.000000	0.000000	0.000000	0.000000	0.000000	0.000000	0.000000	0.000000	0.000000	0.000000	0.000000	0.000000	0.000000	0.000000	0.000000	0.000000	0.000000	0.000000	0.000000	0.000000	0.000000	0.000000	0.000000	0.000000	0.000000	0.000000	0.000000	0.000000	0.000000	0.000000	0.000000	0.000000	0.000000	0.000000	0.000000	0.000000	0.000000	0.000000	0.000000	0.000000	0.000000	0.000000	0.000000	0.000000	0.000000	0.000000	0.000000
Vector Modified Chebushev algorithm ...
0.000000	0.000000	0.000000	1.00000
0.000000	0.000000	0.000000	1.00000
0.555556	0.000000	0.000000	1.00000
-0.00453515	0.000000	0.000000	1.00000
0.148980	0.000000	0.000000	1.00000
2.55000	0.000000	0.000000	1.00000
-2.13676	0.000000	0.000000	1.00000
0.284619	0.000000	0.000000	1.00000
0.0247949	0.000000	0.000000	1.00000
0.206139	0.000000	0.000000	1.00000
0.0162513	0.000000	0.000000	1.00000
0.275261	0.000000	0.000000	1.00000
-0.0178588	0.000000	0.000000	1.00000
0.251542	0.000000	0.000000	1.00000
0.943769	0.000000	0.000000	1.00000
-0.627462	0.000000	0.000000	1.00000
0.262625	0.000000	0.000000	1.00000
0.0303321	0.000000	0.000000	1.00000
0.214165	0.000000	0.000000	1.00000
0.0319109	0.000000	0.000000	1.00000
0.250086	0.000000	0.000000	1.00000
0.0135428	0.000000	0.000000	1.00000
0.239162	0.000000	0.000000	1.00000
-0.638482	0.000000	0.000000	1.00000
0.940321	0.000000	0.000000	1.00000
0.325893	0.000000	0.000000	1.00000
-0.0364870	0.000000	0.000000	1.00000
0.224456	0.000000	0.000000	1.00000
0.0322472	0.000000	0.000000	1.00000
0.239854	0.000000	0.000000	1.00000
0.0308928	0.000000	0.000000	1.00000
0.228157	0.000000	0.000000	1.00000
-0.122940	0.000000	0.000000	1.00000
0.418378	0.000000	0.000000	1.00000
0.458665	0.000000	0.000000	1.00000
-0.170784	0.000000	0.000000	1.00000
0.237274	0.000000	0.000000	1.00000
0.0258395	0.000000	0.000000	1.00000
0.235541	0.000000	0.000000	1.00000
0.0405061	0.000000	0.000000	1.00000
0.220707	0.000000	0.000000	1.00000
-0.0204608	0.000000	0.000000	1.00000
0.311981	0.000000	0.000000	1.00000
1.24612	0.000000	0.000000	1.00000
-0.959165	0.000000	0.000000	1.00000
0.257166	0.000000	0.000000	1.00000
0.0102322	0.000000	0.000000	1.00000
0.235235	0.000000	0.000000	1.00000
0.0444321	0.000000	0.000000	1.00000
0.216334	0.000000	0.000000	1.00000
0.0204609	0.000000	0.000000	1.00000
0.267962	0.000000	0.000000	1.00000
-0.621448	0.000000	0.000000	1.00000
0.907628	0.000000	0.000000	1.00000
0.291873	0.000000	0.000000	1.00000
-0.0214748	0.000000	0.000000	1.00000
0.238665	0.000000	0.000000	1.00000
0.0434650	0.000000	0.000000	1.00000
0.214462	0.000000	0.000000	1.00000
0.0404995	0.000000	0.000000	1.00000
0.244964	0.000000	0.000000	1.00000
-0.148911	0.000000	0.000000	1.00000
0.434264	0.000000	0.000000	1.00000
0.364588	0.000000	0.000000	1.00000
-0.0920571	0.000000	0.000000	1.00000
0.246589	0.000000	0.000000	1.00000
0.0372141	0.000000	0.000000	1.00000
0.214825	0.000000	0.000000	1.00000
0.0504895	0.000000	0.000000	1.00000
0.231716	0.000000	0.000000	1.00000
-0.0429814	0.000000	0.000000	1.00000
0.327346	0.000000	0.000000	1.00000
0.596834	0.000000	0.000000	1.00000
-0.322809	0.000000	0.000000	1.00000
0.261167	0.000000	0.000000	1.00000
0.0237521	0.000000	0.000000	1.00000
0.217474	0.000000	0.000000	1.00000
0.0542586	0.000000	0.000000	1.00000
0.223961	0.000000	0.000000	1.00000
0.00188900	0.000000	0.000000	1.00000
-5.11711	0.000000	0.000000	1.00000
108332.	0.000000	0.000000	1.00000
-101767.	0.000000	0.000000	1.00000
-8795.06	0.000000	0.000000	1.00000
-155.790	0.000000	0.000000	1.00000
2573.74	0.000000	0.000000	1.00000
13.3336	0.000000	0.000000	1.00000
-0.780578	0.000000	0.000000	1.00000
-333.670	0.000000	0.000000	1.00000
187.450	0.000000	0.000000	1.00000
-20.0333	0.000000	0.000000	1.00000
-18.1483	0.000000	0.000000	1.00000
16.8920	0.000000	0.000000	1.00000
0.669765	0.000000	0.000000	1.00000
0.359330	0.000000	0.000000	1.00000
18.2988	0.000000	0.000000	1.00000
-20.5404	0.000000	0.000000	1.00000
-47.7846	0.000000	0.000000	1.00000
251.288	0.000000	0.000000	1.00000
-184.385	0.000000	0.000000	0.000000