
Date:4/5/2009
Time:13:36:35
Output format: Text
Calculations precision: 64

Initial classic operator matrix and disturb polynomials
0.000000	0.000000	0.000000	1.00000
0.000000	0.000000	0.000000	1.00000
0.500000	0.000000	0.000000	1.00000
0.100000	0.000000	0.000000	1.00000
0.0666667	0.000000	0.000000	1.00000
0.285714	0.000000	0.000000	1.00000
0.119048	0.000000	0.000000	1.00000
0.0952381	0.000000	0.000000	1.00000
0.233333	0.000000	0.000000	1.00000
0.127273	0.000000	0.000000	1.00000
0.109091	0.000000	0.000000	1.00000
0.209790	0.000000	0.000000	1.00000
0.131868	0.000000	0.000000	1.00000
0.117216	0.000000	0.000000	1.00000
0.196429	0.000000	0.000000	1.00000
0.134804	0.000000	0.000000	1.00000
0.122549	0.000000	0.000000	1.00000
0.187822	0.000000	0.000000	1.00000
0.136842	0.000000	0.000000	1.00000
0.126316	0.000000	0.000000	1.00000
0.181818	0.000000	0.000000	1.00000
0.138340	0.000000	0.000000	1.00000
0.129117	0.000000	0.000000	1.00000
0.177391	0.000000	0.000000	1.00000
0.139487	0.000000	0.000000	1.00000
0.131282	0.000000	0.000000	1.00000
0.173993	0.000000	0.000000	1.00000
0.140394	0.000000	0.000000	1.00000
0.133005	0.000000	0.000000	1.00000
0.171301	0.000000	0.000000	1.00000
0.141129	0.000000	0.000000	1.00000
0.134409	0.000000	0.000000	1.00000
0.169118	0.000000	0.000000	1.00000
0.141737	0.000000	0.000000	1.00000
0.135574	0.000000	0.000000	1.00000
0.167310	0.000000	0.000000	1.00000
0.142248	0.000000	0.000000	1.00000
0.136558	0.000000	0.000000	1.00000
0.165789	0.000000	0.000000	1.00000
0.142683	0.000000	0.000000	1.00000
0.137398	0.000000	0.000000	1.00000
0.164492	0.000000	0.000000	1.00000
0.143058	0.000000	0.000000	1.00000
0.138125	0.000000	0.000000	1.00000
0.163373	0.000000	0.000000	1.00000
0.143386	0.000000	0.000000	1.00000
0.138760	0.000000	0.000000	1.00000
0.162397	0.000000	0.000000	1.00000
0.143673	0.000000	0.000000	1.00000
0.139320	0.000000	0.000000	1.00000
0.161538	0.000000	0.000000	1.00000
0.143928	0.000000	0.000000	1.00000
0.139816	0.000000	0.000000	1.00000
0.160778	0.000000	0.000000	1.00000
0.144156	0.000000	0.000000	1.00000
0.140260	0.000000	0.000000	1.00000
0.160099	0.000000	0.000000	1.00000
0.144360	0.000000	0.000000	1.00000
0.140658	0.000000	0.000000	1.00000
0.159489	0.000000	0.000000	1.00000
0.144544	0.000000	0.000000	1.00000
0.141019	0.000000	0.000000	1.00000
0.158938	0.000000	0.000000	1.00000
0.144712	0.000000	0.000000	1.00000
0.141346	0.000000	0.000000	1.00000
0.158439	0.000000	0.000000	1.00000
0.144864	0.000000	0.000000	1.00000
0.141645	0.000000	0.000000	1.00000
0.157983	0.000000	0.000000	1.00000
0.145003	0.000000	0.000000	1.00000
0.141918	0.000000	0.000000	1.00000
0.157566	0.000000	0.000000	1.00000
0.145131	0.000000	0.000000	1.00000
0.142170	0.000000	0.000000	1.00000
0.157183	0.000000	0.000000	1.00000
0.145249	0.000000	0.000000	1.00000
0.142401	0.000000	0.000000	1.00000
0.156831	0.000000	0.000000	1.00000
0.145359	0.000000	0.000000	1.00000
0.142616	0.000000	0.000000	1.00000
0.156504	0.000000	0.000000	1.00000
0.145460	0.000000	0.000000	1.00000
0.142815	0.000000	0.000000	1.00000
0.156201	0.000000	0.000000	1.00000
0.145554	0.000000	0.000000	1.00000
0.143000	0.000000	0.000000	1.00000
0.155920	0.000000	0.000000	1.00000
0.145642	0.000000	0.000000	1.00000
0.143173	0.000000	0.000000	1.00000
0.155657	0.000000	0.000000	1.00000
0.145724	0.000000	0.000000	1.00000
0.143335	0.000000	0.000000	1.00000
0.155412	0.000000	0.000000	1.00000
0.145801	0.000000	0.000000	1.00000
0.143486	0.000000	0.000000	1.00000
0.155182	0.000000	0.000000	1.00000
0.145873	0.000000	0.000000	1.00000
0.143629	0.000000	0.000000	1.00000
0.154966	0.000000	0.000000	1.00000
0.145941	0.000000	0.000000	0.000000
z^(3)-0.037037z^(0)
z^(3)-0.037037z^(0)
Modified moments calculating ...
0.462963	0.000000	0.000000	0.0833333	0.000000	0.000000	0.00396825	0.000000	0.000000	0.000000	0.000000	0.000000	0.000000	0.000000	0.000000	0.000000	0.000000	0.000000	0.000000	0.000000	0.000000	0.000000	0.000000	0.000000	0.000000	0.000000	0.000000	0.000000	0.000000	0.000000	0.000000	0.000000	0.000000	0.000000	0.000000	0.000000	0.000000	0.000000	0.000000	0.000000	0.000000	0.000000	0.000000	0.000000	0.000000	0.000000	0.000000	0.000000	0.000000	0.000000	0.000000	0.000000	0.000000	0.000000	0.000000	0.000000	0.000000	0.000000	0.000000	0.000000	0.000000	0.000000	0.000000	0.000000	0.000000	0.000000	0.000000	0.000000	0.000000	0.000000	0.000000	0.000000	0.000000	0.000000	0.000000	0.000000	0.000000	0.000000	0.000000	0.000000	0.000000	0.000000	0.000000	0.000000	0.000000	0.000000	0.000000	0.000000	0.000000	0.000000	0.000000	0.000000	0.000000	0.000000	0.000000	0.000000	0.000000	0.000000	0.000000	0.000000
0.000000	0.562963	0.000000	0.000000	0.0685714	0.000000	0.000000	0.00272109	0.000000	0.000000	0.000000	0.000000	0.000000	0.000000	0.000000	0.000000	0.000000	0.000000	0.000000	0.000000	0.000000	0.000000	0.000000	0.000000	0.000000	0.000000	0.000000	0.000000	0.000000	0.000000	0.000000	0.000000	0.000000	0.000000	0.000000	0.000000	0.000000	0.000000	0.000000	0.000000	0.000000	0.000000	0.000000	0.000000	0.000000	0.000000	0.000000	0.000000	0.000000	0.000000	0.000000	0.000000	0.000000	0.000000	0.000000	0.000000	0.000000	0.000000	0.000000	0.000000	0.000000	0.000000	0.000000	0.000000	0.000000	0.000000	0.000000	0.000000	0.000000	0.000000	0.000000	0.000000	0.000000	0.000000	0.000000	0.000000	0.000000	0.000000	0.000000	0.000000	0.000000	0.000000	0.000000	0.000000	0.000000	0.000000	0.000000	0.000000	0.000000	0.000000	0.000000	0.000000	0.000000	0.000000	0.000000	0.000000	0.000000	0.000000	0.000000	0.000000
Vector Modified Chebushev algorithm ...
0.000000	0.000000	0.000000	1.00000
0.000000	0.000000	0.000000	1.00000
0.680000	0.000000	0.000000	1.00000
0.0418045	0.000000	0.000000	1.00000
0.0330974	0.000000	0.000000	1.00000
0.454930	0.000000	0.000000	1.00000
0.0583193	0.000000	0.000000	1.00000
0.0564433	0.000000	0.000000	1.00000
0.418623	0.000000	0.000000	1.00000
0.0377656	0.000000	0.000000	1.00000
0.0635336	0.000000	0.000000	1.00000
0.680265	0.000000	0.000000	1.00000
-0.222651	0.000000	0.000000	1.00000
0.0478896	0.000000	0.000000	1.00000
-0.117763	0.000000	0.000000	1.00000
0.721941	0.000000	0.000000	1.00000
-0.0889460	0.000000	0.000000	1.00000
0.0392520	0.000000	0.000000	1.00000
-0.279706	0.000000	0.000000	1.00000
0.851053	0.000000	0.000000	1.00000
-0.0481372	0.000000	0.000000	1.00000
0.0340247	0.000000	0.000000	1.00000
-0.542692	0.000000	0.000000	1.00000
1.03133	0.000000	0.000000	1.00000
0.0438275	0.000000	0.000000	1.00000
0.0251836	0.000000	0.000000	1.00000
0.597295	0.000000	0.000000	1.00000
-0.106976	0.000000	0.000000	1.00000
0.0509657	0.000000	0.000000	1.00000
-0.241467	0.000000	0.000000	1.00000
0.772034	0.000000	0.000000	1.00000
-0.0178511	0.000000	0.000000	1.00000
0.0357142	0.000000	0.000000	1.00000
-1.42655	0.000000	0.000000	1.00000
1.94130	0.000000	0.000000	1.00000
0.0150483	0.000000	0.000000	1.00000
0.0135442	0.000000	0.000000	1.00000
1.77558	0.000000	0.000000	1.00000
-1.27155	0.000000	0.000000	1.00000
0.0475587	0.000000	0.000000	1.00000
-0.0202303	0.000000	0.000000	1.00000
0.577680	0.000000	0.000000	1.00000
-0.0432245	0.000000	0.000000	1.00000
0.0495111	0.000000	0.000000	1.00000
-0.595473	0.000000	0.000000	1.00000
1.09815	0.000000	0.000000	1.00000
0.0127345	0.000000	0.000000	1.00000
0.0244096	0.000000	0.000000	1.00000
2.05088	0.000000	0.000000	1.00000
-1.54431	0.000000	0.000000	1.00000
0.0346138	0.000000	0.000000	1.00000
-0.0165731	0.000000	0.000000	1.00000
0.799943	0.000000	0.000000	1.00000
-0.268375	0.000000	0.000000	1.00000
0.0482847	0.000000	0.000000	1.00000
-0.0955315	0.000000	0.000000	1.00000
0.616917	0.000000	0.000000	1.00000
-0.00592030	0.000000	0.000000	1.00000
0.0444342	0.000000	0.000000	1.00000
-4.36127	0.000000	0.000000	1.00000
4.85239	0.000000	0.000000	1.00000
0.0300989	0.000000	0.000000	1.00000
0.00541480	0.000000	0.000000	1.00000
0.896496	0.000000	0.000000	1.00000
-0.380567	0.000000	0.000000	1.00000
0.0430964	0.000000	0.000000	1.00000
-0.0665781	0.000000	0.000000	1.00000
0.681101	0.000000	0.000000	1.00000
-0.100011	0.000000	0.000000	1.00000
0.0459377	0.000000	0.000000	1.00000
-0.256779	0.000000	0.000000	1.00000
0.758643	0.000000	0.000000	1.00000
0.0172218	0.000000	0.000000	1.00000
0.0351156	0.000000	0.000000	1.00000
1.51371	0.000000	0.000000	1.00000
-1.02352	0.000000	0.000000	1.00000
0.0404457	0.000000	0.000000	1.00000
-0.0253310	0.000000	0.000000	1.00000
0.698897	0.000000	0.000000	1.00000
-0.157223	0.000000	0.000000	1.00000
-56.1508	0.000000	0.000000	1.00000
9240.89	0.000000	0.000000	1.00000
-4346.31	0.000000	0.000000	1.00000
-5905.79	0.000000	0.000000	1.00000
-1397.56	0.000000	0.000000	1.00000
2593.20	0.000000	0.000000	1.00000
29.8128	0.000000	0.000000	1.00000
0.102527	0.000000	0.000000	1.00000
-271.890	0.000000	0.000000	1.00000
-810.838	0.000000	0.000000	1.00000
953.563	0.000000	0.000000	1.00000
-12.4960	0.000000	0.000000	1.00000
0.486523	0.000000	0.000000	1.00000
-8.46838	0.000000	0.000000	1.00000
-1.80736	0.000000	0.000000	1.00000
-4.04471	0.000000	0.000000	1.00000
-0.664392	0.000000	0.000000	1.00000
-4421.83	0.000000	0.000000	1.00000
60881.7	0.000000	0.000000	1.00000
-56341.1	0.000000	0.000000	0.000000