
Date:23/5/2009
Time:22:30:17
Output format: Text
Calculations precision: 64

Initial classic operator matrix and disturb polynomials
0.00000000	0.00000000	0.44444444	1.0000000
0.00000000	0.065843621	0.44444444	1.0000000
0.0032515369	0.065843621	0.44444444	1.0000000
0.0032515369	0.065843621	0.44444444	1.0000000
0.0032515369	0.065843621	0.44444444	1.0000000
0.0032515369	0.065843621	0.44444444	1.0000000
0.0032515369	0.065843621	0.44444444	1.0000000
0.0032515369	0.065843621	0.44444444	1.0000000
0.0032515369	0.065843621	0.44444444	1.0000000
0.0032515369	0.065843621	0.44444444	1.0000000
0.0032515369	0.065843621	0.44444444	1.0000000
0.0032515369	0.065843621	0.44444444	1.0000000
0.0032515369	0.065843621	0.44444444	1.0000000
0.0032515369	0.065843621	0.44444444	1.0000000
0.0032515369	0.065843621	0.44444444	1.0000000
0.0032515369	0.065843621	0.44444444	1.0000000
0.0032515369	0.065843621	0.44444444	1.0000000
0.0032515369	0.065843621	0.44444444	1.0000000
0.0032515369	0.065843621	0.44444444	1.0000000
0.0032515369	0.065843621	0.44444444	1.0000000
0.0032515369	0.065843621	0.44444444	1.0000000
0.0032515369	0.065843621	0.44444444	1.0000000
0.0032515369	0.065843621	0.44444444	1.0000000
0.0032515369	0.065843621	0.44444444	1.0000000
0.0032515369	0.065843621	0.44444444	1.0000000
0.0032515369	0.065843621	0.44444444	1.0000000
0.0032515369	0.065843621	0.44444444	1.0000000
0.0032515369	0.065843621	0.44444444	1.0000000
0.0032515369	0.065843621	0.44444444	1.0000000
0.0032515369	0.065843621	0.44444444	1.0000000
0.0032515369	0.065843621	0.44444444	1.0000000
0.0032515369	0.065843621	0.44444444	1.0000000
0.0032515369	0.065843621	0.44444444	1.0000000
0.0032515369	0.065843621	0.44444444	1.0000000
0.0032515369	0.065843621	0.44444444	1.0000000
0.0032515369	0.065843621	0.44444444	1.0000000
0.0032515369	0.065843621	0.44444444	1.0000000
0.0032515369	0.065843621	0.44444444	1.0000000
0.0032515369	0.065843621	0.44444444	1.0000000
0.0032515369	0.065843621	0.44444444	1.0000000
0.0032515369	0.065843621	0.44444444	1.0000000
0.0032515369	0.065843621	0.44444444	1.0000000
0.0032515369	0.065843621	0.44444444	1.0000000
0.0032515369	0.065843621	0.44444444	1.0000000
0.0032515369	0.065843621	0.44444444	1.0000000
0.0032515369	0.065843621	0.44444444	1.0000000
0.0032515369	0.065843621	0.44444444	1.0000000
0.0032515369	0.065843621	0.44444444	1.0000000
0.0032515369	0.065843621	0.44444444	1.0000000
0.0032515369	0.065843621	0.44444444	1.0000000
0.0032515369	0.065843621	0.44444444	1.0000000
0.0032515369	0.065843621	0.44444444	1.0000000
0.0032515369	0.065843621	0.44444444	1.0000000
0.0032515369	0.065843621	0.44444444	1.0000000
0.0032515369	0.065843621	0.44444444	1.0000000
0.0032515369	0.065843621	0.44444444	1.0000000
0.0032515369	0.065843621	0.44444444	1.0000000
0.0032515369	0.065843621	0.44444444	1.0000000
0.0032515369	0.065843621	0.44444444	1.0000000
0.0032515369	0.065843621	0.44444444	1.0000000
0.0032515369	0.065843621	0.44444444	1.0000000
0.0032515369	0.065843621	0.44444444	1.0000000
0.0032515369	0.065843621	0.44444444	1.0000000
0.0032515369	0.065843621	0.44444444	1.0000000
0.0032515369	0.065843621	0.44444444	1.0000000
0.0032515369	0.065843621	0.44444444	1.0000000
0.0032515369	0.065843621	0.44444444	1.0000000
0.0032515369	0.065843621	0.44444444	1.0000000
0.0032515369	0.065843621	0.44444444	1.0000000
0.0032515369	0.065843621	0.44444444	1.0000000
0.0032515369	0.065843621	0.44444444	1.0000000
0.0032515369	0.065843621	0.44444444	1.0000000
0.0032515369	0.065843621	0.44444444	1.0000000
0.0032515369	0.065843621	0.44444444	1.0000000
0.0032515369	0.065843621	0.44444444	1.0000000
0.0032515369	0.065843621	0.44444444	1.0000000
0.0032515369	0.065843621	0.44444444	1.0000000
0.0032515369	0.065843621	0.44444444	1.0000000
0.0032515369	0.065843621	0.44444444	1.0000000
0.0032515369	0.065843621	0.44444444	1.0000000
0.0032515369	0.065843621	0.44444444	1.0000000
0.0032515369	0.065843621	0.44444444	1.0000000
0.0032515369	0.065843621	0.44444444	1.0000000
0.0032515369	0.065843621	0.44444444	1.0000000
0.0032515369	0.065843621	0.44444444	1.0000000
0.0032515369	0.065843621	0.44444444	1.0000000
0.0032515369	0.065843621	0.44444444	1.0000000
0.0032515369	0.065843621	0.44444444	1.0000000
0.0032515369	0.065843621	0.44444444	1.0000000
0.0032515369	0.065843621	0.44444444	1.0000000
0.0032515369	0.065843621	0.44444444	1.0000000
0.0032515369	0.065843621	0.44444444	1.0000000
0.0032515369	0.065843621	0.44444444	1.0000000
0.0032515369	0.065843621	0.44444444	1.0000000
0.0032515369	0.065843621	0.44444444	1.0000000
0.0032515369	0.065843621	0.44444444	1.0000000
0.0032515369	0.065843621	0.44444444	1.0000000
0.0032515369	0.065843621	0.44444444	1.0000000
0.0032515369	0.065843621	0.44444444	1.0000000
0.0032515369	0.065843621	0.44444444	0.00000000
z^(4)-z^(3)+z^(2)-z^(1)+1z^(0)
z^(4)-z^(3)+z^(2)-z^(1)+1z^(0)
Modified moments calculating ...
0.77160212	-0.012628140	0.0041009705	0.00073008930	6.6959116e-005	5.4401361e-006	3.0175233e-007	9.0539845e-009	1.1177759e-010	0.00000000	0.00000000	0.00000000	0.00000000	0.00000000	0.00000000	0.00000000	0.00000000	0.00000000	0.00000000	0.00000000	0.00000000	0.00000000	0.00000000	0.00000000	0.00000000	0.00000000	0.00000000	0.00000000	0.00000000	0.00000000	0.00000000	0.00000000	0.00000000	0.00000000	0.00000000	0.00000000	0.00000000	0.00000000	0.00000000	0.00000000	0.00000000	0.00000000	0.00000000	0.00000000	0.00000000	0.00000000	0.00000000	0.00000000	0.00000000	0.00000000	0.00000000	0.00000000	0.00000000	0.00000000	0.00000000	0.00000000	0.00000000	0.00000000	0.00000000	0.00000000	0.00000000	0.00000000	0.00000000	0.00000000	0.00000000	0.00000000	0.00000000	0.00000000	0.00000000	0.00000000	0.00000000	0.00000000	0.00000000	0.00000000	0.00000000	0.00000000	0.00000000	0.00000000	0.00000000	0.00000000	0.00000000	0.00000000	0.00000000	0.00000000	0.00000000	0.00000000	0.00000000	0.00000000	0.00000000	0.00000000	0.00000000	0.00000000	0.00000000	0.00000000	0.00000000	0.00000000	0.00000000	0.00000000	0.00000000	0.00000000
-0.24361124	0.84322625	-0.0054158829	0.0047406063	0.00078060232	6.9047509e-005	5.4745129e-006	3.0175233e-007	9.0539845e-009	1.1177759e-010	0.00000000	0.00000000	0.00000000	0.00000000	0.00000000	0.00000000	0.00000000	0.00000000	0.00000000	0.00000000	0.00000000	0.00000000	0.00000000	0.00000000	0.00000000	0.00000000	0.00000000	0.00000000	0.00000000	0.00000000	0.00000000	0.00000000	0.00000000	0.00000000	0.00000000	0.00000000	0.00000000	0.00000000	0.00000000	0.00000000	0.00000000	0.00000000	0.00000000	0.00000000	0.00000000	0.00000000	0.00000000	0.00000000	0.00000000	0.00000000	0.00000000	0.00000000	0.00000000	0.00000000	0.00000000	0.00000000	0.00000000	0.00000000	0.00000000	0.00000000	0.00000000	0.00000000	0.00000000	0.00000000	0.00000000	0.00000000	0.00000000	0.00000000	0.00000000	0.00000000	0.00000000	0.00000000	0.00000000	0.00000000	0.00000000	0.00000000	0.00000000	0.00000000	0.00000000	0.00000000	0.00000000	0.00000000	0.00000000	0.00000000	0.00000000	0.00000000	0.00000000	0.00000000	0.00000000	0.00000000	0.00000000	0.00000000	0.00000000	0.00000000	0.00000000	0.00000000	0.00000000	0.00000000	0.00000000	0.00000000
Vector Modified Chebushev algorithm ...
0.00000000	0.00000000	0.42807832	1.0000000
0.00000000	0.070890648	0.45590003	1.0000000
0.0035552263	0.066508351	0.44347358	1.0000000
0.0032606380	0.065632920	0.44429231	1.0000000
0.0032441796	0.065854979	0.44448876	1.0000000
0.0032523024	0.065847221	0.44444212	1.0000000
0.0032516100	0.065842860	0.44444369	1.0000000
0.0032515086	0.065843637	0.44444460	1.0000000
0.0032515389	0.065843638	0.44444444	1.0000000
0.0032515373	0.065843619	0.44444444	1.0000000
0.0032515368	0.065843621	0.44444444	1.0000000
0.0032515369	0.065843621	0.44444444	1.0000000
0.0032515369	0.065843621	0.44444444	1.0000000
0.0032515369	0.065843621	0.44444444	1.0000000
0.0032515369	0.065843621	0.44444444	1.0000000
0.0032515369	0.065843621	0.44444444	1.0000000
0.0032515369	0.065843621	0.44444444	1.0000000
0.0032515369	0.065843621	0.44444444	1.0000000
0.0032515369	0.065843621	0.44444444	1.0000000
0.0032515369	0.065843621	0.44444444	1.0000000
0.0032515369	0.065843621	0.44444444	1.0000000
0.0032515369	0.065843621	0.44444444	1.0000000
0.0032515369	0.065843621	0.44444444	1.0000000
0.0032515369	0.065843621	0.44444444	1.0000000
0.0032515369	0.065843621	0.44444444	1.0000000
0.0032515369	0.065843621	0.44444444	1.0000000
0.0032515369	0.065843621	0.44444444	1.0000000
0.0032515369	0.065843621	0.44444444	1.0000000
0.0032515369	0.065843621	0.44444444	1.0000000
0.0032515369	0.065843621	0.44444444	1.0000000
0.0032515369	0.065843621	0.44444444	1.0000000
0.0032515369	0.065843621	0.44444444	1.0000000
0.0032515369	0.065843621	0.44444444	1.0000000
0.0032515369	0.065843621	0.44444444	1.0000000
0.0032515369	0.065843621	0.44444444	1.0000000
0.0032515369	0.065843621	0.44444444	1.0000000
0.0032515369	0.065843621	0.44444444	1.0000000
0.0032515369	0.065843621	0.44444444	1.0000000
0.0032515369	0.065843621	0.44444444	1.0000000
0.0032515369	0.065843621	0.44444444	1.0000000
0.0032515369	0.065843621	0.44444444	1.0000000
0.0032515369	0.065843621	0.44444444	1.0000000
0.0032515369	0.065843621	0.44444444	1.0000000
0.0032515369	0.065843621	0.44444444	1.0000000
0.0032515369	0.065843621	0.44444444	1.0000000
0.0032515369	0.065843621	0.44444444	1.0000000
0.0032515369	0.065843621	0.44444444	1.0000000
0.0032515369	0.065843621	0.44444444	1.0000000
0.0032515369	0.065843621	0.44444444	1.0000000
0.0032515369	0.065843621	0.44444444	1.0000000
0.0032515369	0.065843621	0.44444444	1.0000000
0.0032515369	0.065843621	0.44444444	1.0000000
0.0032515369	0.065843621	0.44444444	1.0000000
0.0032515369	0.065843621	0.44444444	1.0000000
0.0032515369	0.065843621	0.44444444	1.0000000
0.0032515369	0.065843621	0.44444444	1.0000000
0.0032515369	0.065843621	0.44444444	1.0000000
0.0032515369	0.065843621	0.44444444	1.0000000
0.0032515369	0.065843621	0.44444444	1.0000000
0.0032515369	0.065843621	0.44444444	1.0000000
0.0032515369	0.065843621	0.44444444	1.0000000
0.0032515369	0.065843621	0.44444444	1.0000000
0.0032515369	0.065843621	0.44444444	1.0000000
0.0032515369	0.065843621	0.44444444	1.0000000
0.0032515369	0.065843621	0.44444444	1.0000000
0.0032515369	0.065843621	0.44444444	1.0000000
0.0032515369	0.065843621	0.44444444	1.0000000
0.0032515369	0.065843621	0.44444444	1.0000000
0.0032515369	0.065843621	0.44444444	1.0000000
0.0032515369	0.065843621	0.44444444	1.0000000
0.0032515369	0.065843621	0.44444444	1.0000000
0.0032515369	0.065843621	0.44444444	1.0000000
0.0032515369	0.065843621	0.44444444	1.0000000
0.0032515369	0.065843621	0.44444444	1.0000000
0.0032515369	0.065843621	0.44444444	1.0000000
0.0032515369	0.065843621	0.44444444	1.0000000
0.0032515369	0.065843621	0.44444444	1.0000000
0.0032515369	0.065843621	0.44444444	1.0000000
0.0032515369	0.065843621	0.44444444	1.0000000
0.0032515369	-3.8358478	2308.5826	1.0000000
-2217951.4	1.5693456e+009	18038.642	1.0000000
1.4488674e+012	-1.9197314e+009	-18569.168	1.0000000
-3.4102469e+013	5626963.4	2068.5631	1.0000000
-2.2695361e+010	914878.35	-5635.7806	1.0000000
-2.8049789e+008	-16187061.	2843.8049	1.0000000
10436435.	-10190.775	-655.67895	1.0000000
29094.381	-25623.086	13.574075	1.0000000
36535.251	-2688.9319	-51.295633	1.0000000
424176.11	5323.5547	-159.60218	1.0000000
13953.597	3.4242068	15.343696	1.0000000
185.31571	-2575.7433	-99.020530	1.0000000
-269.96645	-96.789574	-0.46964235	1.0000000
636.99146	24.197404	-3.5764019	1.0000000
-1281.2576	-264.88051	-38.032498	1.0000000
11.231298	-33.891412	-4.1460133	1.0000000
6.7400594	-3.5262716	156.25529	1.0000000
-175674.91	3057815.7	553.88737	1.0000000
-1.9196438e+009	-3361414.3	-499.98677	1.0000000
-83797936.	5025.3860	-17.887640	1.0000000
-15393.130	-9326.2870	-945.48693	0.00000000