
Date:29/4/2009
Time:13:6:33
Output format: Text
Calculations precision: 64

Initial classic operator matrix and disturb polynomials
0.000000	0.000000	-0.240481	1.00000
0.000000	0.0160522	-0.206671	1.00000
-0.000672111	0.0160522	-0.240481	1.00000
-0.000129377	0.0160522	-0.206671	1.00000
-0.000672111	0.0160522	-0.240481	1.00000
-0.000129377	0.0160522	-0.206671	1.00000
-0.000672111	0.0160522	-0.240481	1.00000
-0.000129377	0.0160522	-0.206671	1.00000
-0.000672111	0.0160522	-0.240481	1.00000
-0.000129377	0.0160522	-0.206671	1.00000
-0.000672111	0.0160522	-0.240481	1.00000
-0.000129377	0.0160522	-0.206671	1.00000
-0.000672111	0.0160522	-0.240481	1.00000
-0.000129377	0.0160522	-0.206671	1.00000
-0.000672111	0.0160522	-0.240481	1.00000
-0.000129377	0.0160522	-0.206671	1.00000
-0.000672111	0.0160522	-0.240481	1.00000
-0.000129377	0.0160522	-0.206671	1.00000
-0.000672111	0.0160522	-0.240481	1.00000
-0.000129377	0.0160522	-0.206671	1.00000
-0.000672111	0.0160522	-0.240481	1.00000
-0.000129377	0.0160522	-0.206671	1.00000
-0.000672111	0.0160522	-0.240481	1.00000
-0.000129377	0.0160522	-0.206671	1.00000
-0.000672111	0.0160522	-0.240481	1.00000
-0.000129377	0.0160522	-0.206671	1.00000
-0.000672111	0.0160522	-0.240481	1.00000
-0.000129377	0.0160522	-0.206671	1.00000
-0.000672111	0.0160522	-0.240481	1.00000
-0.000129377	0.0160522	-0.206671	1.00000
-0.000672111	0.0160522	-0.240481	1.00000
-0.000129377	0.0160522	-0.206671	1.00000
-0.000672111	0.0160522	-0.240481	1.00000
-0.000129377	0.0160522	-0.206671	1.00000
-0.000672111	0.0160522	-0.240481	1.00000
-0.000129377	0.0160522	-0.206671	1.00000
-0.000672111	0.0160522	-0.240481	1.00000
-0.000129377	0.0160522	-0.206671	1.00000
-0.000672111	0.0160522	-0.240481	1.00000
-0.000129377	0.0160522	-0.206671	1.00000
-0.000672111	0.0160522	-0.240481	1.00000
-0.000129377	0.0160522	-0.206671	1.00000
-0.000672111	0.0160522	-0.240481	1.00000
-0.000129377	0.0160522	-0.206671	1.00000
-0.000672111	0.0160522	-0.240481	1.00000
-0.000129377	0.0160522	-0.206671	1.00000
-0.000672111	0.0160522	-0.240481	1.00000
-0.000129377	0.0160522	-0.206671	1.00000
-0.000672111	0.0160522	-0.240481	1.00000
-0.000129377	0.0160522	-0.206671	1.00000
-0.000672111	0.0160522	-0.240481	1.00000
-0.000129377	0.0160522	-0.206671	1.00000
-0.000672111	0.0160522	-0.240481	1.00000
-0.000129377	0.0160522	-0.206671	1.00000
-0.000672111	0.0160522	-0.240481	1.00000
-0.000129377	0.0160522	-0.206671	1.00000
-0.000672111	0.0160522	-0.240481	1.00000
-0.000129377	0.0160522	-0.206671	1.00000
-0.000672111	0.0160522	-0.240481	1.00000
-0.000129377	0.0160522	-0.206671	1.00000
-0.000672111	0.0160522	-0.240481	1.00000
-0.000129377	0.0160522	-0.206671	1.00000
-0.000672111	0.0160522	-0.240481	1.00000
-0.000129377	0.0160522	-0.206671	1.00000
-0.000672111	0.0160522	-0.240481	1.00000
-0.000129377	0.0160522	-0.206671	1.00000
-0.000672111	0.0160522	-0.240481	1.00000
-0.000129377	0.0160522	-0.206671	1.00000
-0.000672111	0.0160522	-0.240481	1.00000
-0.000129377	0.0160522	-0.206671	1.00000
-0.000672111	0.0160522	-0.240481	1.00000
-0.000129377	0.0160522	-0.206671	1.00000
-0.000672111	0.0160522	-0.240481	1.00000
-0.000129377	0.0160522	-0.206671	1.00000
-0.000672111	0.0160522	-0.240481	1.00000
-0.000129377	0.0160522	-0.206671	1.00000
-0.000672111	0.0160522	-0.240481	1.00000
-0.000129377	0.0160522	-0.206671	1.00000
-0.000672111	0.0160522	-0.240481	1.00000
-0.000129377	0.0160522	-0.206671	1.00000
-0.000672111	0.0160522	-0.240481	1.00000
-0.000129377	0.0160522	-0.206671	1.00000
-0.000672111	0.0160522	-0.240481	1.00000
-0.000129377	0.0160522	-0.206671	1.00000
-0.000672111	0.0160522	-0.240481	1.00000
-0.000129377	0.0160522	-0.206671	1.00000
-0.000672111	0.0160522	-0.240481	1.00000
-0.000129377	0.0160522	-0.206671	1.00000
-0.000672111	0.0160522	-0.240481	1.00000
-0.000129377	0.0160522	-0.206671	1.00000
-0.000672111	0.0160522	-0.240481	1.00000
-0.000129377	0.0160522	-0.206671	1.00000
-0.000672111	0.0160522	-0.240481	1.00000
-0.000129377	0.0160522	-0.206671	1.00000
-0.000672111	0.0160522	-0.240481	1.00000
-0.000129377	0.0160522	-0.206671	1.00000
-0.000672111	0.0160522	-0.240481	1.00000
-0.000129377	0.0160522	-0.206671	1.00000
-0.000672111	0.0160522	-0.240481	1.00000
-0.000129377	0.0160522	-0.206671	0.000000
z^(3)+1z^(0)
z^(3)+1z^(0)
Modified moments calculating ...
0.974383	0.00338927	-0.000328235	1.34515e-005	-7.05607e-007	8.91584e-009	-3.03615e-010	0.000000	0.000000	0.000000	0.000000	0.000000	0.000000	0.000000	0.000000	0.000000	0.000000	0.000000	0.000000	0.000000	0.000000	0.000000	0.000000	0.000000	0.000000	0.000000	0.000000	0.000000	0.000000	0.000000	0.000000	0.000000	0.000000	0.000000	0.000000	0.000000	0.000000	0.000000	0.000000	0.000000	0.000000	0.000000	0.000000	0.000000	0.000000	0.000000	0.000000	0.000000	0.000000	0.000000	0.000000	0.000000	0.000000	0.000000	0.000000	0.000000	0.000000	0.000000	0.000000	0.000000	0.000000	0.000000	0.000000	0.000000	0.000000	0.000000	0.000000	0.000000	0.000000	0.000000	0.000000	0.000000	0.000000	0.000000	0.000000	0.000000	0.000000	0.000000	0.000000	0.000000	0.000000	0.000000	0.000000	0.000000	0.000000	0.000000	0.000000	0.000000	0.000000	0.000000	0.000000	0.000000	0.000000	0.000000	0.000000	0.000000	0.000000	0.000000	0.000000	0.000000
0.182349	0.969380	0.00373153	-0.000214936	1.34683e-005	-2.50237e-007	8.91584e-009	-2.16557e-012	0.000000	0.000000	0.000000	0.000000	0.000000	0.000000	0.000000	0.000000	0.000000	0.000000	0.000000	0.000000	0.000000	0.000000	0.000000	0.000000	0.000000	0.000000	0.000000	0.000000	0.000000	0.000000	0.000000	0.000000	0.000000	0.000000	0.000000	0.000000	0.000000	0.000000	0.000000	0.000000	0.000000	0.000000	0.000000	0.000000	0.000000	0.000000	0.000000	0.000000	0.000000	0.000000	0.000000	0.000000	0.000000	0.000000	0.000000	0.000000	0.000000	0.000000	0.000000	0.000000	0.000000	0.000000	0.000000	0.000000	0.000000	0.000000	0.000000	0.000000	0.000000	0.000000	0.000000	0.000000	0.000000	0.000000	0.000000	0.000000	0.000000	0.000000	0.000000	0.000000	0.000000	0.000000	0.000000	0.000000	0.000000	0.000000	0.000000	0.000000	0.000000	0.000000	0.000000	0.000000	0.000000	0.000000	0.000000	0.000000	0.000000	0.000000	0.000000	0.000000
Vector Modified Chebushev algorithm ...
0.000000	0.000000	-0.237003	1.00000
0.000000	0.0158208	-0.206234	1.00000
-0.000663242	0.0160305	-0.240459	1.00000
-0.000129317	0.0160515	-0.206670	1.00000
-0.000672085	0.0160522	-0.240481	1.00000
-0.000129377	0.0160522	-0.206671	1.00000
-0.000672111	0.0160522	-0.240481	1.00000
-0.000129377	0.0160522	-0.206671	1.00000
-0.000672111	0.0160522	-0.240481	1.00000
-0.000129377	0.0160522	-0.206671	1.00000
-0.000672111	0.0160522	-0.240481	1.00000
-0.000129377	0.0160522	-0.206671	1.00000
-0.000672111	0.0160522	-0.240481	1.00000
-0.000129377	0.0160522	-0.206671	1.00000
-0.000672111	0.0160522	-0.240481	1.00000
-0.000129377	0.0160522	-0.206671	1.00000
-0.000672111	0.0160522	-0.240481	1.00000
-0.000129377	0.0160522	-0.206671	1.00000
-0.000672111	0.0160522	-0.240481	1.00000
-0.000129377	0.0160522	-0.206671	1.00000
-0.000672111	0.0160522	-0.240481	1.00000
-0.000129377	0.0160522	-0.206671	1.00000
-0.000672111	0.0160522	-0.240481	1.00000
-0.000129377	0.0160522	-0.206671	1.00000
-0.000672111	0.0160522	-0.240481	1.00000
-0.000129377	0.0160522	-0.206671	1.00000
-0.000672111	0.0160522	-0.240481	1.00000
-0.000129377	0.0160522	-0.206671	1.00000
-0.000672111	0.0160522	-0.240481	1.00000
-0.000129377	0.0160522	-0.206671	1.00000
-0.000672111	0.0160522	-0.240481	1.00000
-0.000129377	0.0160522	-0.206671	1.00000
-0.000672111	0.0160522	-0.240481	1.00000
-0.000129377	0.0160522	-0.206671	1.00000
-0.000672111	0.0160522	-0.240481	1.00000
-0.000129377	0.0160522	-0.206671	1.00000
-0.000672111	0.0160522	-0.240481	1.00000
-0.000129377	0.0160522	-0.206671	1.00000
-0.000672111	0.0160522	-0.240481	1.00000
-0.000129377	0.0160522	-0.206671	1.00000
-0.000672111	0.0160522	-0.240481	1.00000
-0.000129377	0.0160522	-0.206671	1.00000
-0.000672111	0.0160522	-0.240481	1.00000
-0.000129377	0.0160522	-0.206671	1.00000
-0.000672111	0.0160522	-0.240481	1.00000
-0.000129377	0.0160522	-0.206671	1.00000
-0.000672111	0.0160522	-0.240481	1.00000
-0.000129377	0.0160522	-0.206671	1.00000
-0.000672111	0.0160522	-0.240481	1.00000
-0.000129377	0.0160522	-0.206671	1.00000
-0.000672111	0.0160522	-0.240481	1.00000
-0.000129377	0.0160522	-0.206671	1.00000
-0.000672111	0.0160522	-0.240481	1.00000
-0.000129377	0.0160522	-0.206671	1.00000
-0.000672111	0.0160522	-0.240481	1.00000
-0.000129377	0.0160522	-0.206671	1.00000
-0.000672111	0.0160522	-0.240481	1.00000
-0.000129377	0.0160522	-0.206671	1.00000
-0.000672111	0.0160522	-0.240481	1.00000
-0.000129377	0.0160522	-0.206671	1.00000
-0.000672111	0.0160522	-0.240481	1.00000
-0.000129377	0.0160522	-0.206671	1.00000
-0.000672111	0.0160522	-0.240481	1.00000
-0.000129377	0.0160522	-0.206671	1.00000
-0.000672111	0.0160544	-0.240418	1.00000
-0.000162895	0.0150981	-1.75473	1.00000
0.0296012	5.09628	-3.55263	1.00000
10.4055	-6.91195	-0.729549	1.00000
0.0844758	-1.81550	1.54595	1.00000
4.01716	-3.57764	-1.59331	1.00000
-0.212755	-0.423166	-0.629917	1.00000
-0.254575	-0.693518	0.0690525	1.00000
0.0170577	-0.265400	0.837281	1.00000
0.270049	-0.927639	-0.778443	1.00000
-0.0492895	-0.100058	-0.207965	1.00000
-0.0242677	-0.176775	0.0502618	1.00000
0.00297601	-0.0752152	0.629315	1.00000
0.000000	0.561604	10.6909	1.00000
-5.42816	-76.6384	-6.91549	1.00000
476.725	49.3519	-3.50239	1.00000
0.693080	-59.6789	2.80619	1.00000
-3512.24	148.926	-1018.40	1.00000
-3.63330	-972472.	-1388.41	1.00000
-2.27906e+009	-3.25433e+006	2343.98	1.00000
-256.310	4.16873	-4.90016	1.00000
-261.750	336.788	151.911	1.00000
-170.193	-19446.1	-94.9538	1.00000
64.8254	0.315618	5.13157	1.00000
-0.0916024	198.541	-5.20381	1.00000
-32.2060	2.24154	2.47898	1.00000
22.3207	-57.6804	4.39245	1.00000
0.892107	-0.272293	2.07116	1.00000
0.0966698	-0.537610	0.906316	1.00000
-0.00320784	-0.0830977	-12.2086	1.00000
-1.85774	-1604.69	-41.5059	1.00000
210838.	161727.	-811.395	1.00000
1.64083e+008	-754250.	763.740	1.00000
-4.80398e+006	-32755.3	101.371	1.00000
-1903.50	12.8208	-6.40270	1.00000
31.8381	946.740	-172.922	0.000000