
Date:29/4/2009
Time:16:57:4
Output format: Text
Calculations precision: 64

Initial classic operator matrix and disturb polynomials
0.000000	0.000000	-0.359726	1.00000
0.000000	0.0364340	-0.295889	1.00000
-0.00275426	0.0364340	-0.359726	1.00000
-0.000428418	0.0364340	-0.295889	1.00000
-0.00275426	0.0364340	-0.359726	1.00000
-0.000428418	0.0364340	-0.295889	1.00000
-0.00275426	0.0364340	-0.359726	1.00000
-0.000428418	0.0364340	-0.295889	1.00000
-0.00275426	0.0364340	-0.359726	1.00000
-0.000428418	0.0364340	-0.295889	1.00000
-0.00275426	0.0364340	-0.359726	1.00000
-0.000428418	0.0364340	-0.295889	1.00000
-0.00275426	0.0364340	-0.359726	1.00000
-0.000428418	0.0364340	-0.295889	1.00000
-0.00275426	0.0364340	-0.359726	1.00000
-0.000428418	0.0364340	-0.295889	1.00000
-0.00275426	0.0364340	-0.359726	1.00000
-0.000428418	0.0364340	-0.295889	1.00000
-0.00275426	0.0364340	-0.359726	1.00000
-0.000428418	0.0364340	-0.295889	1.00000
-0.00275426	0.0364340	-0.359726	1.00000
-0.000428418	0.0364340	-0.295889	1.00000
-0.00275426	0.0364340	-0.359726	1.00000
-0.000428418	0.0364340	-0.295889	1.00000
-0.00275426	0.0364340	-0.359726	1.00000
-0.000428418	0.0364340	-0.295889	1.00000
-0.00275426	0.0364340	-0.359726	1.00000
-0.000428418	0.0364340	-0.295889	1.00000
-0.00275426	0.0364340	-0.359726	1.00000
-0.000428418	0.0364340	-0.295889	1.00000
-0.00275426	0.0364340	-0.359726	1.00000
-0.000428418	0.0364340	-0.295889	1.00000
-0.00275426	0.0364340	-0.359726	1.00000
-0.000428418	0.0364340	-0.295889	1.00000
-0.00275426	0.0364340	-0.359726	1.00000
-0.000428418	0.0364340	-0.295889	1.00000
-0.00275426	0.0364340	-0.359726	1.00000
-0.000428418	0.0364340	-0.295889	1.00000
-0.00275426	0.0364340	-0.359726	1.00000
-0.000428418	0.0364340	-0.295889	1.00000
-0.00275426	0.0364340	-0.359726	1.00000
-0.000428418	0.0364340	-0.295889	1.00000
-0.00275426	0.0364340	-0.359726	1.00000
-0.000428418	0.0364340	-0.295889	1.00000
-0.00275426	0.0364340	-0.359726	1.00000
-0.000428418	0.0364340	-0.295889	1.00000
-0.00275426	0.0364340	-0.359726	1.00000
-0.000428418	0.0364340	-0.295889	1.00000
-0.00275426	0.0364340	-0.359726	1.00000
-0.000428418	0.0364340	-0.295889	1.00000
-0.00275426	0.0364340	-0.359726	1.00000
-0.000428418	0.0364340	-0.295889	1.00000
-0.00275426	0.0364340	-0.359726	1.00000
-0.000428418	0.0364340	-0.295889	1.00000
-0.00275426	0.0364340	-0.359726	1.00000
-0.000428418	0.0364340	-0.295889	1.00000
-0.00275426	0.0364340	-0.359726	1.00000
-0.000428418	0.0364340	-0.295889	1.00000
-0.00275426	0.0364340	-0.359726	1.00000
-0.000428418	0.0364340	-0.295889	1.00000
-0.00275426	0.0364340	-0.359726	1.00000
-0.000428418	0.0364340	-0.295889	1.00000
-0.00275426	0.0364340	-0.359726	1.00000
-0.000428418	0.0364340	-0.295889	1.00000
-0.00275426	0.0364340	-0.359726	1.00000
-0.000428418	0.0364340	-0.295889	1.00000
-0.00275426	0.0364340	-0.359726	1.00000
-0.000428418	0.0364340	-0.295889	1.00000
-0.00275426	0.0364340	-0.359726	1.00000
-0.000428418	0.0364340	-0.295889	1.00000
-0.00275426	0.0364340	-0.359726	1.00000
-0.000428418	0.0364340	-0.295889	1.00000
-0.00275426	0.0364340	-0.359726	1.00000
-0.000428418	0.0364340	-0.295889	1.00000
-0.00275426	0.0364340	-0.359726	1.00000
-0.000428418	0.0364340	-0.295889	1.00000
-0.00275426	0.0364340	-0.359726	1.00000
-0.000428418	0.0364340	-0.295889	1.00000
-0.00275426	0.0364340	-0.359726	1.00000
-0.000428418	0.0364340	-0.295889	1.00000
-0.00275426	0.0364340	-0.359726	1.00000
-0.000428418	0.0364340	-0.295889	1.00000
-0.00275426	0.0364340	-0.359726	1.00000
-0.000428418	0.0364340	-0.295889	1.00000
-0.00275426	0.0364340	-0.359726	1.00000
-0.000428418	0.0364340	-0.295889	1.00000
-0.00275426	0.0364340	-0.359726	1.00000
-0.000428418	0.0364340	-0.295889	1.00000
-0.00275426	0.0364340	-0.359726	1.00000
-0.000428418	0.0364340	-0.295889	1.00000
-0.00275426	0.0364340	-0.359726	1.00000
-0.000428418	0.0364340	-0.295889	1.00000
-0.00275426	0.0364340	-0.359726	1.00000
-0.000428418	0.0364340	-0.295889	1.00000
-0.00275426	0.0364340	-0.359726	1.00000
-0.000428418	0.0364340	-0.295889	1.00000
-0.00275426	0.0364340	-0.359726	1.00000
-0.000428418	0.0364340	-0.295889	1.00000
-0.00275426	0.0364340	-0.359726	1.00000
-0.000428418	0.0364340	-0.295889	0.000000
z^(3)+1z^(0)
z^(3)+1z^(0)
Modified moments calculating ...
0.913703	0.0172339	-0.00273369	0.000173871	-1.60676e-005	3.26066e-007	-2.08938e-008	0.000000	0.000000	0.000000	0.000000	0.000000	0.000000	0.000000	0.000000	0.000000	0.000000	0.000000	0.000000	0.000000	0.000000	0.000000	0.000000	0.000000	0.000000	0.000000	0.000000	0.000000	0.000000	0.000000	0.000000	0.000000	0.000000	0.000000	0.000000	0.000000	0.000000	0.000000	0.000000	0.000000	0.000000	0.000000	0.000000	0.000000	0.000000	0.000000	0.000000	0.000000	0.000000	0.000000	0.000000	0.000000	0.000000	0.000000	0.000000	0.000000	0.000000	0.000000	0.000000	0.000000	0.000000	0.000000	0.000000	0.000000	0.000000	0.000000	0.000000	0.000000	0.000000	0.000000	0.000000	0.000000	0.000000	0.000000	0.000000	0.000000	0.000000	0.000000	0.000000	0.000000	0.000000	0.000000	0.000000	0.000000	0.000000	0.000000	0.000000	0.000000	0.000000	0.000000	0.000000	0.000000	0.000000	0.000000	0.000000	0.000000	0.000000	0.000000	0.000000	0.000000
0.396261	0.901578	0.0189690	-0.00163872	0.000174054	-4.95644e-006	3.26066e-007	-7.86326e-011	0.000000	0.000000	0.000000	0.000000	0.000000	0.000000	0.000000	0.000000	0.000000	0.000000	0.000000	0.000000	0.000000	0.000000	0.000000	0.000000	0.000000	0.000000	0.000000	0.000000	0.000000	0.000000	0.000000	0.000000	0.000000	0.000000	0.000000	0.000000	0.000000	0.000000	0.000000	0.000000	0.000000	0.000000	0.000000	0.000000	0.000000	0.000000	0.000000	0.000000	0.000000	0.000000	0.000000	0.000000	0.000000	0.000000	0.000000	0.000000	0.000000	0.000000	0.000000	0.000000	0.000000	0.000000	0.000000	0.000000	0.000000	0.000000	0.000000	0.000000	0.000000	0.000000	0.000000	0.000000	0.000000	0.000000	0.000000	0.000000	0.000000	0.000000	0.000000	0.000000	0.000000	0.000000	0.000000	0.000000	0.000000	0.000000	0.000000	0.000000	0.000000	0.000000	0.000000	0.000000	0.000000	0.000000	0.000000	0.000000	0.000000	0.000000	0.000000	0.000000
Vector Modified Chebushev algorithm ...
0.000000	0.000000	-0.340865	1.00000
0.000000	0.0342905	-0.292209	1.00000
-0.00259330	0.0359868	-0.358987	1.00000
-0.000425707	0.0363807	-0.295807	1.00000
-0.00275021	0.0364231	-0.359707	1.00000
-0.000428350	0.0364327	-0.295887	1.00000
-0.00275416	0.0364338	-0.359726	1.00000
-0.000428416	0.0364340	-0.295889	1.00000
-0.00275426	0.0364340	-0.359726	1.00000
-0.000428418	0.0364340	-0.295889	1.00000
-0.00275426	0.0364340	-0.359726	1.00000
-0.000428418	0.0364340	-0.295889	1.00000
-0.00275426	0.0364340	-0.359726	1.00000
-0.000428418	0.0364340	-0.295889	1.00000
-0.00275426	0.0364340	-0.359726	1.00000
-0.000428418	0.0364340	-0.295889	1.00000
-0.00275426	0.0364340	-0.359726	1.00000
-0.000428418	0.0364340	-0.295889	1.00000
-0.00275426	0.0364340	-0.359726	1.00000
-0.000428418	0.0364340	-0.295889	1.00000
-0.00275426	0.0364340	-0.359726	1.00000
-0.000428418	0.0364340	-0.295889	1.00000
-0.00275426	0.0364340	-0.359726	1.00000
-0.000428418	0.0364340	-0.295889	1.00000
-0.00275426	0.0364340	-0.359726	1.00000
-0.000428418	0.0364340	-0.295889	1.00000
-0.00275426	0.0364340	-0.359726	1.00000
-0.000428418	0.0364340	-0.295889	1.00000
-0.00275426	0.0364340	-0.359726	1.00000
-0.000428418	0.0364340	-0.295889	1.00000
-0.00275426	0.0364340	-0.359726	1.00000
-0.000428418	0.0364340	-0.295889	1.00000
-0.00275426	0.0364340	-0.359726	1.00000
-0.000428418	0.0364340	-0.295889	1.00000
-0.00275426	0.0364340	-0.359726	1.00000
-0.000428418	0.0364340	-0.295889	1.00000
-0.00275426	0.0364340	-0.359726	1.00000
-0.000428418	0.0364340	-0.295889	1.00000
-0.00275426	0.0364340	-0.359726	1.00000
-0.000428418	0.0364340	-0.295889	1.00000
-0.00275426	0.0364340	-0.359726	1.00000
-0.000428418	0.0364340	-0.295889	1.00000
-0.00275426	0.0364340	-0.359726	1.00000
-0.000428418	0.0364340	-0.295889	1.00000
-0.00275426	0.0364340	-0.359726	1.00000
-0.000428418	0.0364340	-0.295889	1.00000
-0.00275426	0.0364340	-0.359726	1.00000
-0.000428418	0.0364340	-0.295889	1.00000
-0.00275426	0.0364340	-0.359726	1.00000
-0.000428418	0.0364340	-0.295889	1.00000
-0.00275426	0.0364340	-0.359726	1.00000
-0.000428418	0.0364340	-0.295889	1.00000
-0.00275426	0.0364340	-0.359726	1.00000
-0.000428418	0.0364340	-0.295889	1.00000
-0.00275426	0.0364340	-0.359726	1.00000
-0.000428418	0.0364340	-0.295889	1.00000
-0.00275426	0.0364340	-0.359726	1.00000
-0.000428418	0.0364340	-0.295889	1.00000
-0.00275426	0.0364340	-0.359726	1.00000
-0.000428418	0.0364340	-0.295889	1.00000
-0.00275426	0.0364340	-0.359726	1.00000
-0.000428418	0.0364340	-0.295889	1.00000
-0.00275426	0.0364340	-0.359726	1.00000
-0.000428418	0.0364340	-0.295889	1.00000
-0.00275426	0.0364340	-0.359726	1.00000
-0.000428418	0.0364340	-0.295889	1.00000
-0.00275426	0.0364340	-0.359726	1.00000
-0.000428418	0.0364340	-0.295889	1.00000
-0.00275426	0.0364340	-0.359726	1.00000
-0.000428418	0.0364340	-0.295889	1.00000
-0.00275426	0.0364340	-0.359726	1.00000
-0.000428418	0.0364340	-0.295889	1.00000
-0.00275426	0.0364340	-0.359726	1.00000
-0.000428418	0.0364340	-0.295889	1.00000
-0.00275426	0.0364516	-0.359451	1.00000
-0.000819107	0.0305000	-5.45987	1.00000
0.217004	9.67936	-2.18816	1.00000
69.0057	-13.6782	-1.38555	1.00000
0.0907668	-4.21762	3.85306	1.00000
19.5986	-18.3764	-4.17043	1.00000
-1.13918	-2.19323e+022	-6.50220e+022	1.00000
-1.42608e+045	-4.22786e+045	6.50220e+022	1.00000
-9.47472e+021	-1.70074	-0.413988	1.00000
0.172088	0.538783	54.9189	1.00000
-26.9521	-3091.82	-56.3162	1.00000
-859.761	-15.2045	-6.25333	1.00000
0.0609070	-3.18664	-957.023	1.00000
123.876	-4.07089e+006	-41753.9	1.00000
-1.78054e+011	-1.80357e+009	43245.6	1.00000
-121363.	2.63892	0.448933	1.00000
5.05811e-005	0.0664852	3.10880	1.00000
0.0709519	68.8281	-70.3910	1.00000
-4961.55	-12556.1	112.641	1.00000
21476.9	-225.394	-0.809966	1.00000
0.0281281	0.178599	-107.984	1.00000
-1.77746	172270.	-3028.93	1.00000
6.89193e+010	-2.85121e+007	3150.00	1.00000
-6.59854e+011	2.01204e+007	2312.83	1.00000
4.83747e+011	-6.87626e+006	-2395.99	1.00000
-1.05228e+006	15303.2	26160.4	0.000000