
Date:29/4/2009
Time:13:48:51
Output format: Text
Calculations precision: 64

Initial classic operator matrix and disturb polynomials
0.000000	0.000000	-0.240481	1.00000
0.000000	0.0160522	-0.206671	1.00000
-0.000672111	0.0160522	-0.240481	1.00000
-0.000129377	0.0160522	-0.206671	1.00000
-0.000672111	0.0160522	-0.240481	1.00000
-0.000129377	0.0160522	-0.206671	1.00000
-0.000672111	0.0160522	-0.240481	1.00000
-0.000129377	0.0160522	-0.206671	1.00000
-0.000672111	0.0160522	-0.240481	1.00000
-0.000129377	0.0160522	-0.206671	1.00000
-0.000672111	0.0160522	-0.240481	1.00000
-0.000129377	0.0160522	-0.206671	1.00000
-0.000672111	0.0160522	-0.240481	1.00000
-0.000129377	0.0160522	-0.206671	1.00000
-0.000672111	0.0160522	-0.240481	1.00000
-0.000129377	0.0160522	-0.206671	1.00000
-0.000672111	0.0160522	-0.240481	1.00000
-0.000129377	0.0160522	-0.206671	1.00000
-0.000672111	0.0160522	-0.240481	1.00000
-0.000129377	0.0160522	-0.206671	1.00000
-0.000672111	0.0160522	-0.240481	1.00000
-0.000129377	0.0160522	-0.206671	1.00000
-0.000672111	0.0160522	-0.240481	1.00000
-0.000129377	0.0160522	-0.206671	1.00000
-0.000672111	0.0160522	-0.240481	1.00000
-0.000129377	0.0160522	-0.206671	1.00000
-0.000672111	0.0160522	-0.240481	1.00000
-0.000129377	0.0160522	-0.206671	1.00000
-0.000672111	0.0160522	-0.240481	1.00000
-0.000129377	0.0160522	-0.206671	1.00000
-0.000672111	0.0160522	-0.240481	1.00000
-0.000129377	0.0160522	-0.206671	1.00000
-0.000672111	0.0160522	-0.240481	1.00000
-0.000129377	0.0160522	-0.206671	1.00000
-0.000672111	0.0160522	-0.240481	1.00000
-0.000129377	0.0160522	-0.206671	1.00000
-0.000672111	0.0160522	-0.240481	1.00000
-0.000129377	0.0160522	-0.206671	1.00000
-0.000672111	0.0160522	-0.240481	1.00000
-0.000129377	0.0160522	-0.206671	1.00000
-0.000672111	0.0160522	-0.240481	1.00000
-0.000129377	0.0160522	-0.206671	1.00000
-0.000672111	0.0160522	-0.240481	1.00000
-0.000129377	0.0160522	-0.206671	1.00000
-0.000672111	0.0160522	-0.240481	1.00000
-0.000129377	0.0160522	-0.206671	1.00000
-0.000672111	0.0160522	-0.240481	1.00000
-0.000129377	0.0160522	-0.206671	1.00000
-0.000672111	0.0160522	-0.240481	1.00000
-0.000129377	0.0160522	-0.206671	1.00000
-0.000672111	0.0160522	-0.240481	1.00000
-0.000129377	0.0160522	-0.206671	1.00000
-0.000672111	0.0160522	-0.240481	1.00000
-0.000129377	0.0160522	-0.206671	1.00000
-0.000672111	0.0160522	-0.240481	1.00000
-0.000129377	0.0160522	-0.206671	1.00000
-0.000672111	0.0160522	-0.240481	1.00000
-0.000129377	0.0160522	-0.206671	1.00000
-0.000672111	0.0160522	-0.240481	1.00000
-0.000129377	0.0160522	-0.206671	1.00000
-0.000672111	0.0160522	-0.240481	1.00000
-0.000129377	0.0160522	-0.206671	1.00000
-0.000672111	0.0160522	-0.240481	1.00000
-0.000129377	0.0160522	-0.206671	1.00000
-0.000672111	0.0160522	-0.240481	1.00000
-0.000129377	0.0160522	-0.206671	1.00000
-0.000672111	0.0160522	-0.240481	1.00000
-0.000129377	0.0160522	-0.206671	1.00000
-0.000672111	0.0160522	-0.240481	1.00000
-0.000129377	0.0160522	-0.206671	1.00000
-0.000672111	0.0160522	-0.240481	1.00000
-0.000129377	0.0160522	-0.206671	1.00000
-0.000672111	0.0160522	-0.240481	1.00000
-0.000129377	0.0160522	-0.206671	1.00000
-0.000672111	0.0160522	-0.240481	1.00000
-0.000129377	0.0160522	-0.206671	1.00000
-0.000672111	0.0160522	-0.240481	1.00000
-0.000129377	0.0160522	-0.206671	1.00000
-0.000672111	0.0160522	-0.240481	1.00000
-0.000129377	0.0160522	-0.206671	1.00000
-0.000672111	0.0160522	-0.240481	1.00000
-0.000129377	0.0160522	-0.206671	1.00000
-0.000672111	0.0160522	-0.240481	1.00000
-0.000129377	0.0160522	-0.206671	1.00000
-0.000672111	0.0160522	-0.240481	1.00000
-0.000129377	0.0160522	-0.206671	1.00000
-0.000672111	0.0160522	-0.240481	1.00000
-0.000129377	0.0160522	-0.206671	1.00000
-0.000672111	0.0160522	-0.240481	1.00000
-0.000129377	0.0160522	-0.206671	1.00000
-0.000672111	0.0160522	-0.240481	1.00000
-0.000129377	0.0160522	-0.206671	1.00000
-0.000672111	0.0160522	-0.240481	1.00000
-0.000129377	0.0160522	-0.206671	1.00000
-0.000672111	0.0160522	-0.240481	1.00000
-0.000129377	0.0160522	-0.206671	1.00000
-0.000672111	0.0160522	-0.240481	1.00000
-0.000129377	0.0160522	-0.206671	1.00000
-0.000672111	0.0160522	-0.240481	1.00000
-0.000129377	0.0160522	-0.206671	0.000000
z^(2)+2z^(0)
z^(3)+2z^(0)
Modified moments calculating ...
2.07388	-0.00784989	0.000580934	-1.28657e-005	4.51733e-007	0.000000	0.000000	0.000000	0.000000	0.000000	0.000000	0.000000	0.000000	0.000000	0.000000	0.000000	0.000000	0.000000	0.000000	0.000000	0.000000	0.000000	0.000000	0.000000	0.000000	0.000000	0.000000	0.000000	0.000000	0.000000	0.000000	0.000000	0.000000	0.000000	0.000000	0.000000	0.000000	0.000000	0.000000	0.000000	0.000000	0.000000	0.000000	0.000000	0.000000	0.000000	0.000000	0.000000	0.000000	0.000000	0.000000	0.000000	0.000000	0.000000	0.000000	0.000000	0.000000	0.000000	0.000000	0.000000	0.000000	0.000000	0.000000	0.000000	0.000000	0.000000	0.000000	0.000000	0.000000	0.000000	0.000000	0.000000	0.000000	0.000000	0.000000	0.000000	0.000000	0.000000	0.000000	0.000000	0.000000	0.000000	0.000000	0.000000	0.000000	0.000000	0.000000	0.000000	0.000000	0.000000	0.000000	0.000000	0.000000	0.000000	0.000000	0.000000	0.000000	0.000000	0.000000	0.000000
-0.182349	2.03062	-0.00373153	0.000214936	-1.34683e-005	2.50237e-007	-8.91584e-009	2.16557e-012	0.000000	0.000000	0.000000	0.000000	0.000000	0.000000	0.000000	0.000000	0.000000	0.000000	0.000000	0.000000	0.000000	0.000000	0.000000	0.000000	0.000000	0.000000	0.000000	0.000000	0.000000	0.000000	0.000000	0.000000	0.000000	0.000000	0.000000	0.000000	0.000000	0.000000	0.000000	0.000000	0.000000	0.000000	0.000000	0.000000	0.000000	0.000000	0.000000	0.000000	0.000000	0.000000	0.000000	0.000000	0.000000	0.000000	0.000000	0.000000	0.000000	0.000000	0.000000	0.000000	0.000000	0.000000	0.000000	0.000000	0.000000	0.000000	0.000000	0.000000	0.000000	0.000000	0.000000	0.000000	0.000000	0.000000	0.000000	0.000000	0.000000	0.000000	0.000000	0.000000	0.000000	0.000000	0.000000	0.000000	0.000000	0.000000	0.000000	0.000000	0.000000	0.000000	0.000000	0.000000	0.000000	0.000000	0.000000	0.000000	0.000000	0.000000	0.000000	0.000000
Vector Modified Chebushev algorithm ...
0.000000	0.000000	-0.244266	1.00000
0.000000	0.0161900	-0.204699	1.00000
-0.000708660	0.0159423	-0.243276	1.00000
-8.56366e-005	0.0160321	-0.190429	1.00000
-0.000928511	0.0160642	-0.242354	1.00000
-0.000167051	0.0148013	-0.345886	1.00000
0.00147158	0.0110713	-0.200344	1.00000
-0.000519892	0.0131362	-0.364966	1.00000
0.00130824	-0.00712855	-0.0525609	1.00000
-0.00313490	0.0160359	-0.247134	1.00000
-2.50536e-005	0.0157717	-0.205195	1.00000
-0.000697574	0.0161499	-0.238446	1.00000
-0.000159350	0.0160884	-0.211493	1.00000
-0.000595453	0.0160723	-0.238849	1.00000
-0.000154835	0.0161028	-0.208516	1.00000
-0.000642581	0.0160498	-0.240164	1.00000
-0.000134507	0.0160646	-0.206789	1.00000
-0.000670168	0.0160488	-0.240542	1.00000
-0.000128495	0.0160513	-0.206467	1.00000
-0.000675340	0.0160503	-0.240568	1.00000
-0.000128048	0.0160499	-0.206512	1.00000
-0.000674648	0.0160513	-0.240535	1.00000
-0.000128541	0.0160507	-0.206582	1.00000
-0.000673533	0.0160517	-0.240510	1.00000
-0.000128934	0.0160514	-0.206625	1.00000
-0.000672839	0.0160520	-0.240496	1.00000
-0.000129154	0.0160518	-0.206648	1.00000
-0.000672474	0.0160521	-0.240488	1.00000
-0.000129266	0.0160520	-0.206659	1.00000
-0.000672291	0.0160522	-0.240485	1.00000
-0.000129322	0.0160521	-0.206665	1.00000
-0.000672201	0.0160522	-0.240483	1.00000
-0.000129350	0.0160522	-0.206668	1.00000
-0.000672156	0.0160522	-0.240482	1.00000
-0.000129364	0.0160522	-0.206669	1.00000
-0.000672133	0.0160522	-0.240482	1.00000
-0.000129370	0.0160522	-0.206670	1.00000
-0.000672122	0.0160522	-0.240482	1.00000
-0.000129374	0.0160522	-0.206670	1.00000
-0.000672117	0.0160522	-0.240481	1.00000
-0.000129375	0.0160522	-0.206671	1.00000
-0.000672114	0.0160522	-0.240481	1.00000
-0.000129376	0.0160522	-0.206671	1.00000
-0.000672112	0.0160522	-0.240481	1.00000
-0.000129377	0.0160522	-0.206671	1.00000
-0.000672112	0.0160522	-0.240481	1.00000
-0.000129377	0.0160522	-0.206671	1.00000
-0.000672111	0.0160522	-0.240481	1.00000
-0.000129377	0.0160522	-0.206671	1.00000
-0.000672111	0.0160522	-0.240481	1.00000
-0.000129377	0.0160522	-0.206671	1.00000
-0.000672111	0.0160522	-0.240481	1.00000
-0.000129377	0.0160522	-0.206671	1.00000
-0.000672111	0.0160522	-0.240481	1.00000
-0.000129377	0.0160522	-0.206671	1.00000
-0.000672111	0.0160522	-0.240481	1.00000
-0.000129377	0.0160522	-0.206671	1.00000
-0.000672111	0.0160522	-0.240481	1.00000
-0.000129377	0.0160522	-0.206671	1.00000
-0.000672111	0.0160522	-0.240481	1.00000
-0.000129377	0.0160522	-0.206671	1.00000
-0.000672111	0.0160522	-0.240481	1.00000
-0.000129377	0.0160522	-0.206671	1.00000
-0.000672111	0.0160522	-0.240481	1.00000
-0.000129377	0.0160522	-0.206671	1.00000
-0.000672107	0.0160550	-0.240398	1.00000
-0.000150179	0.0154854	-0.854322	1.00000
0.0119041	1.83212	-3.17545	1.00000
1.99346	-3.20601	-0.749329	1.00000
0.144999	-0.489085	0.233180	1.00000
1.28859	-1.06425	-0.920236	1.00000
-0.0145076	-0.513166	-2.41250	1.00000
-0.971654	-4.81006	1.74707	1.00000
0.242316	-0.0949862	-0.0996404	1.00000
0.000000	0.0548500	8.71593	1.00000
-0.465485	-36.0842	-4.04163	1.00000
-49.0842	-5.70289	0.207260	1.00000
-0.111226	-0.933828	-0.544693	1.00000
-0.868989	-0.553197	0.606271	1.00000
-0.0683986	-0.391814	-0.315221	1.00000
-0.673334	-0.690408	-337.558	1.00000
28.7596	332331.	-986.886	1.00000
5.50193e+008	-1.63412e+006	1237.37	1.00000
-171.129	1240.71	1.13515	1.00000
21385.0	12.9130	-384.297	1.00000
-99.1532	-181597.	441.901	1.00000
-630878.	1533.98	4.64378	1.00000
-0.0121655	-0.229177	18.2825	1.00000
-20.3438	1672.06	-27.4946	1.00000
626.906	-2853.75	23.9582	1.00000
-4.81519	0.0684297	-16.8563	1.00000
0.610750	-362.192	19.9242	1.00000
-0.207920	-0.334747	1.93727	1.00000
0.0427247	-0.242766	1.03679	1.00000
0.00218035	-0.116743	4957.05	1.00000
1038.71	-3.07419e+007	-6210.52	1.00000
-7.93985e+009	-1.61343e+006	1254.04	1.00000
24687.2	-2369.28	-5.64823	1.00000
1826.87	-25.1604	2.89738	1.00000
-288.775	-379.830	24.0524	0.000000