
Date:19/1/2009
Time:23:24:23
Output format: Text
Calculations precision: 64

Initial classic operator matrix and disturb polynomials
0.000000000000000	0.000000000000000	-0.481125224324688	1.00000000000000
0.000000000000000	0.0648148148148148	-0.384900179459751	1.00000000000000
-0.00712778110110649	0.0648148148148148	-0.481125224324688	1.00000000000000
-0.000890972637638311	0.0648148148148148	-0.384900179459751	1.00000000000000
-0.00712778110110649	0.0648148148148148	-0.481125224324688	1.00000000000000
-0.000890972637638311	0.0648148148148148	-0.384900179459751	1.00000000000000
-0.00712778110110649	0.0648148148148148	-0.481125224324688	1.00000000000000
-0.000890972637638311	0.0648148148148148	-0.384900179459751	1.00000000000000
-0.00712778110110649	0.0648148148148148	-0.481125224324688	1.00000000000000
-0.000890972637638311	0.0648148148148148	-0.384900179459751	1.00000000000000
-0.00712778110110649	0.0648148148148148	-0.481125224324688	1.00000000000000
-0.000890972637638311	0.0648148148148148	-0.384900179459751	1.00000000000000
-0.00712778110110649	0.0648148148148148	-0.481125224324688	1.00000000000000
-0.000890972637638311	0.0648148148148148	-0.384900179459751	1.00000000000000
-0.00712778110110649	0.0648148148148148	-0.481125224324688	1.00000000000000
-0.000890972637638311	0.0648148148148148	-0.384900179459751	1.00000000000000
-0.00712778110110649	0.0648148148148148	-0.481125224324688	1.00000000000000
-0.000890972637638311	0.0648148148148148	-0.384900179459751	1.00000000000000
-0.00712778110110649	0.0648148148148148	-0.481125224324688	1.00000000000000
-0.000890972637638311	0.0648148148148148	-0.384900179459751	1.00000000000000
-0.00712778110110649	0.0648148148148148	-0.481125224324688	1.00000000000000
-0.000890972637638311	0.0648148148148148	-0.384900179459751	1.00000000000000
-0.00712778110110649	0.0648148148148148	-0.481125224324688	1.00000000000000
-0.000890972637638311	0.0648148148148148	-0.384900179459751	1.00000000000000
-0.00712778110110649	0.0648148148148148	-0.481125224324688	1.00000000000000
-0.000890972637638311	0.0648148148148148	-0.384900179459751	1.00000000000000
-0.00712778110110649	0.0648148148148148	-0.481125224324688	1.00000000000000
-0.000890972637638311	0.0648148148148148	-0.384900179459751	1.00000000000000
-0.00712778110110649	0.0648148148148148	-0.481125224324688	1.00000000000000
-0.000890972637638311	0.0648148148148148	-0.384900179459751	1.00000000000000
-0.00712778110110649	0.0648148148148148	-0.481125224324688	1.00000000000000
-0.000890972637638311	0.0648148148148148	-0.384900179459751	1.00000000000000
-0.00712778110110649	0.0648148148148148	-0.481125224324688	1.00000000000000
-0.000890972637638311	0.0648148148148148	-0.384900179459751	1.00000000000000
-0.00712778110110649	0.0648148148148148	-0.481125224324688	1.00000000000000
-0.000890972637638311	0.0648148148148148	-0.384900179459751	1.00000000000000
-0.00712778110110649	0.0648148148148148	-0.481125224324688	1.00000000000000
-0.000890972637638311	0.0648148148148148	-0.384900179459751	1.00000000000000
-0.00712778110110649	0.0648148148148148	-0.481125224324688	1.00000000000000
-0.000890972637638311	0.0648148148148148	-0.384900179459751	1.00000000000000
-0.00712778110110649	0.0648148148148148	-0.481125224324688	1.00000000000000
-0.000890972637638311	0.0648148148148148	-0.384900179459751	1.00000000000000
-0.00712778110110649	0.0648148148148148	-0.481125224324688	1.00000000000000
-0.000890972637638311	0.0648148148148148	-0.384900179459751	1.00000000000000
-0.00712778110110649	0.0648148148148148	-0.481125224324688	1.00000000000000
-0.000890972637638311	0.0648148148148148	-0.384900179459751	1.00000000000000
-0.00712778110110649	0.0648148148148148	-0.481125224324688	1.00000000000000
-0.000890972637638311	0.0648148148148148	-0.384900179459751	1.00000000000000
-0.00712778110110649	0.0648148148148148	-0.481125224324688	1.00000000000000
-0.000890972637638311	0.0648148148148148	-0.384900179459751	1.00000000000000
-0.00712778110110649	0.0648148148148148	-0.481125224324688	1.00000000000000
-0.000890972637638311	0.0648148148148148	-0.384900179459751	1.00000000000000
-0.00712778110110649	0.0648148148148148	-0.481125224324688	1.00000000000000
-0.000890972637638311	0.0648148148148148	-0.384900179459751	1.00000000000000
-0.00712778110110649	0.0648148148148148	-0.481125224324688	1.00000000000000
-0.000890972637638311	0.0648148148148148	-0.384900179459751	1.00000000000000
-0.00712778110110649	0.0648148148148148	-0.481125224324688	1.00000000000000
-0.000890972637638311	0.0648148148148148	-0.384900179459751	1.00000000000000
-0.00712778110110649	0.0648148148148148	-0.481125224324688	1.00000000000000
-0.000890972637638311	0.0648148148148148	-0.384900179459751	1.00000000000000
-0.00712778110110649	0.0648148148148148	-0.481125224324688	1.00000000000000
-0.000890972637638311	0.0648148148148148	-0.384900179459751	1.00000000000000
-0.00712778110110649	0.0648148148148148	-0.481125224324688	1.00000000000000
-0.000890972637638311	0.0648148148148148	-0.384900179459751	1.00000000000000
-0.00712778110110649	0.0648148148148148	-0.481125224324688	1.00000000000000
-0.000890972637638311	0.0648148148148148	-0.384900179459751	1.00000000000000
-0.00712778110110649	0.0648148148148148	-0.481125224324688	1.00000000000000
-0.000890972637638311	0.0648148148148148	-0.384900179459751	1.00000000000000
-0.00712778110110649	0.0648148148148148	-0.481125224324688	1.00000000000000
-0.000890972637638311	0.0648148148148148	-0.384900179459751	1.00000000000000
-0.00712778110110649	0.0648148148148148	-0.481125224324688	1.00000000000000
-0.000890972637638311	0.0648148148148148	-0.384900179459751	1.00000000000000
-0.00712778110110649	0.0648148148148148	-0.481125224324688	1.00000000000000
-0.000890972637638311	0.0648148148148148	-0.384900179459751	1.00000000000000
-0.00712778110110649	0.0648148148148148	-0.481125224324688	1.00000000000000
-0.000890972637638311	0.0648148148148148	-0.384900179459751	1.00000000000000
-0.00712778110110649	0.0648148148148148	-0.481125224324688	1.00000000000000
-0.000890972637638311	0.0648148148148148	-0.384900179459751	1.00000000000000
-0.00712778110110649	0.0648148148148148	-0.481125224324688	1.00000000000000
-0.000890972637638311	0.0648148148148148	-0.384900179459751	1.00000000000000
-0.00712778110110649	0.0648148148148148	-0.481125224324688	1.00000000000000
-0.000890972637638311	0.0648148148148148	-0.384900179459751	1.00000000000000
-0.00712778110110649	0.0648148148148148	-0.481125224324688	1.00000000000000
-0.000890972637638311	0.0648148148148148	-0.384900179459751	1.00000000000000
-0.00712778110110649	0.0648148148148148	-0.481125224324688	1.00000000000000
-0.000890972637638311	0.0648148148148148	-0.384900179459751	1.00000000000000
-0.00712778110110649	0.0648148148148148	-0.481125224324688	1.00000000000000
-0.000890972637638311	0.0648148148148148	-0.384900179459751	1.00000000000000
-0.00712778110110649	0.0648148148148148	-0.481125224324688	1.00000000000000
-0.000890972637638311	0.0648148148148148	-0.384900179459751	1.00000000000000
-0.00712778110110649	0.0648148148148148	-0.481125224324688	1.00000000000000
-0.000890972637638311	0.0648148148148148	-0.384900179459751	1.00000000000000
-0.00712778110110649	0.0648148148148148	-0.481125224324688	1.00000000000000
-0.000890972637638311	0.0648148148148148	-0.384900179459751	1.00000000000000
-0.00712778110110649	0.0648148148148148	-0.481125224324688	1.00000000000000
-0.000890972637638311	0.0648148148148148	-0.384900179459751	1.00000000000000
-0.00712778110110649	0.0648148148148148	-0.481125224324688	1.00000000000000
-0.000890972637638311	0.0648148148148148	-0.384900179459751	1.00000000000000
-0.00712778110110649	0.0648148148148148	-0.481125224324688	1.00000000000000
-0.000890972637638311	0.0648148148148148	-0.384900179459751	0.000000000000000
z^(6)+z^(4)+z^(2)+1z^(0)
z^(4)+z^(2)+1z^(0)
Modified moments calculating ...
1.54747751867093	-0.143889254676496	0.0332383219045012	-0.00352809850417464	0.000614388041890577	-4.31259076325263e-005	6.42991499230407e-006	-2.99023088993574e-007	3.79527126467409e-008	-1.03030140615944e-009	1.13302651193997e-010	-1.36281323822511e-012	1.31137265239709e-013	0.000000000000000	0.000000000000000	0.000000000000000	0.000000000000000	0.000000000000000	0.000000000000000	0.000000000000000	0.000000000000000	0.000000000000000	0.000000000000000	0.000000000000000	0.000000000000000	0.000000000000000	0.000000000000000	0.000000000000000	0.000000000000000	0.000000000000000	0.000000000000000	0.000000000000000	0.000000000000000	0.000000000000000	0.000000000000000	0.000000000000000	0.000000000000000	0.000000000000000	0.000000000000000	0.000000000000000	0.000000000000000	0.000000000000000	0.000000000000000	0.000000000000000	0.000000000000000	0.000000000000000	0.000000000000000	0.000000000000000	0.000000000000000	0.000000000000000	0.000000000000000	0.000000000000000	0.000000000000000	0.000000000000000	0.000000000000000	0.000000000000000	0.000000000000000	0.000000000000000	0.000000000000000	0.000000000000000	0.000000000000000	0.000000000000000	0.000000000000000	0.000000000000000	0.000000000000000	0.000000000000000	0.000000000000000	0.000000000000000	0.000000000000000	0.000000000000000	0.000000000000000	0.000000000000000	0.000000000000000	0.000000000000000	0.000000000000000	0.000000000000000	0.000000000000000	0.000000000000000	0.000000000000000	0.000000000000000	0.000000000000000	0.000000000000000	0.000000000000000	0.000000000000000	0.000000000000000	0.000000000000000	0.000000000000000	0.000000000000000	0.000000000000000	0.000000000000000	0.000000000000000	0.000000000000000	0.000000000000000	0.000000000000000	0.000000000000000	0.000000000000000	0.000000000000000	0.000000000000000	0.000000000000000	0.000000000000000
-1.42733816549657	1.47016460905350	-0.119464581163337	0.0126179634710156	-0.00191944105268994	9.17978783157491e-005	-1.15980234466235e-005	2.77882119348881e-007	-2.68178063799127e-008	6.30169626883105e-013	0.000000000000000	0.000000000000000	0.000000000000000	0.000000000000000	0.000000000000000	0.000000000000000	0.000000000000000	0.000000000000000	0.000000000000000	0.000000000000000	0.000000000000000	0.000000000000000	0.000000000000000	0.000000000000000	0.000000000000000	0.000000000000000	0.000000000000000	0.000000000000000	0.000000000000000	0.000000000000000	0.000000000000000	0.000000000000000	0.000000000000000	0.000000000000000	0.000000000000000	0.000000000000000	0.000000000000000	0.000000000000000	0.000000000000000	0.000000000000000	0.000000000000000	0.000000000000000	0.000000000000000	0.000000000000000	0.000000000000000	0.000000000000000	0.000000000000000	0.000000000000000	0.000000000000000	0.000000000000000	0.000000000000000	0.000000000000000	0.000000000000000	0.000000000000000	0.000000000000000	0.000000000000000	0.000000000000000	0.000000000000000	0.000000000000000	0.000000000000000	0.000000000000000	0.000000000000000	0.000000000000000	0.000000000000000	0.000000000000000	0.000000000000000	0.000000000000000	0.000000000000000	0.000000000000000	0.000000000000000	0.000000000000000	0.000000000000000	0.000000000000000	0.000000000000000	0.000000000000000	0.000000000000000	0.000000000000000	0.000000000000000	0.000000000000000	0.000000000000000	0.000000000000000	0.000000000000000	0.000000000000000	0.000000000000000	0.000000000000000	0.000000000000000	0.000000000000000	0.000000000000000	0.000000000000000	0.000000000000000	0.000000000000000	0.000000000000000	0.000000000000000	0.000000000000000	0.000000000000000	0.000000000000000	0.000000000000000	0.000000000000000	0.000000000000000	0.000000000000000
Vector Modified Chebushev algorithm ...
0.000000000000000	0.000000000000000	-0.574108322909588	1.00000000000000
0.000000000000000	0.0687006891439909	-0.358317307610717	1.00000000000000
-0.00887543787882246	0.0584914860279348	-0.522850916060247	1.00000000000000
0.00221210115130520	0.0679480523632960	-0.625804159199973	1.00000000000000
0.00893543532962532	0.0384514741294984	-0.307322518044003	1.00000000000000
-0.0118388093674993	0.0618525834192424	-0.492881345252814	1.00000000000000
0.000652092584010539	0.0690178201131677	-0.988477305897336	1.00000000000000
0.0342294175081915	-0.214668857886401	0.0675722897626760	1.00000000000000
-0.0348376338457181	0.0613672911428808	-0.495851850941885	1.00000000000000
0.000214524823090829	0.0643739895603435	-0.674185945336454	1.00000000000000
0.0115000309146088	0.00165759136279943	-0.151251507254418	1.00000000000000
-0.0205310644111828	0.0554204936372805	-0.515263461467463	1.00000000000000
0.00160579063771834	0.0648904446204284	-0.550146121357890	1.00000000000000
0.00352469290677377	0.0555807818408383	-0.357198443536442	1.00000000000000
-0.00902929483045169	0.0653832065665688	-0.478196020233671	1.00000000000000
-0.000954915699264917	0.0655654288732855	-0.358920880422442	1.00000000000000
-0.00882342923431070	0.0615929273519546	-0.507155789141620	1.00000000000000
0.000583305184653914	0.0632823274079612	-0.508988359937729	1.00000000000000
0.000843711844507424	0.0471809030186764	0.713944183897676	1.00000000000000
-0.0605765466349065	-1.14683004973616	-1.49464884446274	1.00000000000000
0.0716520343742279	0.0703725696027886	-0.501621243854969	1.00000000000000
0.000431485227732034	0.0629456579596594	-0.469099630129039	1.00000000000000
-0.00185156298608540	0.0646041876191573	-0.436714326449312	1.00000000000000
-0.00375385320753884	0.0683296143136624	-0.409283338150516	1.00000000000000
-0.00554397013742689	0.0642587275627039	-0.483713841534797	1.00000000000000
-0.000777335171891393	0.0646631394138515	-0.373867130445273	1.00000000000000
-0.00783086386121962	0.0646489245857523	-0.483893705372454	1.00000000000000
-0.000727983574009115	0.0645602307824838	-0.380420113318780	1.00000000000000
-0.00741564936206292	0.0647983601376848	-0.481841158181850	1.00000000000000
-0.000846554945471375	0.0647438994218449	-0.384261547996377	1.00000000000000
-0.00716923066845995	0.0648230931079761	-0.481130259975400	1.00000000000000
-0.000889993454170231	0.0648118879099427	-0.385057637855924	1.00000000000000
-0.00711779087535064	0.0648186614285519	-0.481067861321263	1.00000000000000
-0.000894331597277830	0.0648197214565513	-0.385000139950676	1.00000000000000
-0.00712136282496549	0.0648152966386276	-0.481107496008647	1.00000000000000
-0.000892066974008235	0.0648165367650960	-0.384917483047920	1.00000000000000
-0.00712666027765860	0.0648146463272409	-0.481124555361267	1.00000000000000
-0.000891028793222865	0.0648149338217592	-0.384897235777064	1.00000000000000
-0.00712796714805821	0.0648147241965643	-0.481126473109998	1.00000000000000
-0.000890900061962697	0.0648147099315170	-0.384897866406610	1.00000000000000
-0.00712792951961352	0.0648148010168638	-0.481125659311057	1.00000000000000
-0.000890945943000951	0.0648147731404634	-0.384899716096635	1.00000000000000
-0.00712781106517053	0.0648148180330616	-0.481125254539651	1.00000000000000
-0.000890970450992806	0.0648148107102402	-0.384900227824030	1.00000000000000
-0.00712777806848457	0.0648148169284453	-0.481125197863576	1.00000000000000
-0.000890974160153894	0.0648148169805128	-0.384900232242170	1.00000000000000
-0.00712777771683589	0.0648148151964411	-0.481125213763709	1.00000000000000
-0.000890973282054374	0.0648148158130056	-0.384900191615326	1.00000000000000
-0.00712778031611578	0.0648148147579737	-0.481125223269604	1.00000000000000
-0.000890972709573499	0.0648148149420660	-0.384900178841383	1.00000000000000
-0.00712778113904139	0.0648148147660938	-0.481125224869430	1.00000000000000
-0.000890972606708694	0.0648148147717476	-0.384900178272183	1.00000000000000
-0.00712778117718679	0.0648148148045792	-0.481125224577989	1.00000000000000
-0.000890972622268285	0.0648148147911883	-0.384900179147257	1.00000000000000
-0.00712778112126404	0.0648148148156861	-0.481125224357425	1.00000000000000
-0.000890972635477333	0.0648148148111250	-0.384900179461727	1.00000000000000
-0.00712778110102206	0.0648148148159228	-0.481125224313887	1.00000000000000
-0.000890972638240295	0.0648148148156275	-0.384900179486043	1.00000000000000
-0.00712778109942369	0.0648148148150823	-0.481125224318691	1.00000000000000
-0.000890972638000211	0.0648148148153669	-0.384900179467636	1.00000000000000
-0.00712778110059834	0.0648148148148056	-0.481125224323740	1.00000000000000
-0.000890972637699597	0.0648148148149170	-0.384900179460003	1.00000000000000
-0.00712778110108930	0.0648148148147900	-0.481125224324891	1.00000000000000
-0.000890972637627314	0.0648148148148007	-0.384900179459179	1.00000000000000
-0.00712778110114302	0.0648148148148080	-0.481125224324828	1.00000000000000
-0.000890972637629905	0.0648148148148021	-0.384900179459555	1.00000000000000
-0.00712778110111909	0.0648148148148148	-0.481125224324714	1.00000000000000
-0.000890972637636642	0.0648148148148121	-0.384900179459738	1.00000000000000
-0.00712778110110734	0.0648148148148154	-0.481125224324685	1.00000000000000
-0.000890972637638492	0.0648148148148150	-0.384900179459763	1.00000000000000
-0.00712778110110572	0.0648148148148150	-0.481125224324685	1.00000000000000
-0.000890972637638504	0.0648148148148151	-0.384900179459755	1.00000000000000
-0.00712778110110618	0.0648148148148148	-0.481125224324687	1.00000000000000
-0.000890972637638355	0.0648148148148149	-0.384900179459751	1.00000000000000
-0.00712778110110646	0.0648148148148148	-0.481125224324688	1.00000000000000
-0.000890972637638309	0.0648148148148148	-0.384900179459750	1.00000000000000
-0.00712778110110651	0.0648148148148148	-0.481125224324688	1.00000000000000
-0.000890972637638307	0.0648148148148148	-0.384900179459750	1.00000000000000
-0.00712778110110650	0.0648148148148148	-0.471684285942470	1.00000000000000
-0.000803556541506661	-13.9618979213816	1.19619881445624e+028	1.00000000000000
1.66912165186253e+029	-1.43089160370650e+056	-1.19619881445624e+028	1.00000000000000
-6.51132483423539e+052	-5.44334667075831e+024	0.482775048124707	1.00000000000000
0.000784092579640507	0.0646984237829653	0.379530241235926	1.00000000000000
0.00751505052432248	0.142906192678983	64.3001796137351	1.00000000000000
949.308740240770	774891.690551166	12143.3118051553	1.00000000000000
5295.47029535583	95.3782089858986	0.321564206502940	1.00000000000000
2.21791285550140	0.0316194207239771	0.727645804997503	1.00000000000000
-118.931726986751	1633.75279757721	154.383203713038	1.00000000000000
8044.79512081761	-77132.3287821394	14.0501881494588	1.00000000000000
9885.74687585903	-4.23942738759159	0.259798014511195	1.00000000000000
-0.324177614315815	0.0496581113248220	0.513108383413849	1.00000000000000
-0.869319310591304	-86.0749461242595	-19.1614325567199	1.00000000000000
-3784.22000492551	-2931.56932086473	43.4822658087217	1.00000000000000
63.4728008901088	0.575724240610822	-514.675208242805	1.00000000000000
15143.4514927373	6119624.38998222	-904.112914165089	1.00000000000000
10721172521.3031	-7350915.37516706	1227.79110683194	1.00000000000000
24266924.2226763	2199.98281659793	10.1330465886604	1.00000000000000
189.225846887362	-63193.9304718700	-3547.86772313144	1.00000000000000
-234465445.718499	-13207479.6387766	3718.58679227077	1.00000000000000
20576672.1064142	-8242.69872361813	-6559.14336706759	0.000000000000000