-0.616837591697061e-4	0
0.999758141145994	0
0.1000000000000000e-1
0.191525036277787e-4
-0.555062519014993e-3	0
0.999032798566797	0
0.1000000000000000e-1
0.765359171952821e-4
-0.154133313343602e-2	0
0.997824673984509	0
0.1000000000000000e-1
0.171928235423132e-3
-0.301952227241015e-2	0
0.996134936181638	0
0.1000000000000000e-1
0.304960403963702e-3
-0.498817114172123e-2	0
0.993965219870378	0
0.1000000000000000e-1
0.475117747200694e-3
-0.744533692261307e-2	0
0.991317624111132	0
0.1000000000000000e-1
0.681741959429114e-3
-0.103885946891171e-1	0
0.988194710281803	0
0.1000000000000000e-1
0.924033651712153e-3
-0.138150398011617e-1	0
0.984599499599833	0
0.1000000000000000e-1
0.120105544456169e-2
-0.17721290771101e-1	0
0.980535470199362	0
0.1000000000000000e-1
0.151173559447745e-2
-0.221034926008349e-1	0
0.976006553766365	0
0.1000000000000000e-1
0.185487214031435e-2
-0.269573205862273e-1	0
0.971017131734995	0
0.1000000000000000e-1
0.222913755343673e-2
-0.322779845850663e-1	0
0.96557203104883	0
0.1000000000000000e-1
0.263308387366871e-2
-0.380602337443566e-1	0
0.959676519491118	0
0.1000000000000000e-1
0.306514831117082e-2
-0.442983616822774e-1	0
0.953336300588536	0
0.1000000000000000e-1
0.352365929257032e-2
-0.509862121196922e-1	0
0.946557508093396	0
0.1000000000000000e-1
0.40068429279538e-2
-0.581171849556533e-1	0
0.939346700049634	0
0.1000000000000000e-1
0.45128298737027e-2
-0.656842427809044e-1	0
0.931710852448332	0
0.1000000000000000e-1
0.503966256462057e-2
-0.736799178229539e-1	0
0.923657352478889	0
0.1000000000000000e-1
0.558530278737256e-2
-0.820963193158649e-1	0
0.915193991382399	0
0.1000000000000000e-1
0.614763956593684e-2
-0.909251412874882e-1	0
0.906328956914125	0
0.1000000000000000e-1
0.672449732856072e-2
-0.100157670756455	0
0.897070825422377	0
0.1000000000000000e-1
0.731364432462514e-2
-0.109784796330835	0
0.887428553551445	0
0.1000000000000000e-1
0.791280125885427e-2
-0.119797017199984	0
0.877411469576628	0
0.1000000000000000e-1
0.851965010946611e-2
-0.130184452510695	0
0.86702926437973	0
0.1000000000000000e-1
0.913184309614845e-2
-0.140936851118405	0
0.856291982073753	0
0.1000000000000000e-1
0.974701176316485e-2
-0.152043601703843	0
0.845210010285873	0
0.1000000000000000e-1
0.103627761424497e-1
-0.163493743245113	0
0.833794070108077	0
0.1000000000000000e-1
0.109767539612423e-1
-0.175275975834908	0
0.822055205725199	0
0.1000000000000000e-1
0.115865698586376e-1
-0.187378671832147	0
0.810004773730388	0
0.1000000000000000e-1
0.121898645753957e-1
-0.199789887337058	0
0.797654432138333	0
0.1000000000000000e-1
0.127843040814579e-1
-0.212497373978361	0
0.785016129106891	0
0.1000000000000000e-1
0.133675886058554e-1
-0.225488591000934	0
0.772102091378014	0
0.1000000000000000e-1
0.139374615340761e-1
-0.238750717642025	0
0.758924812449163	0
0.1000000000000000e-1
0.144917181384686e-1
-0.252270665783796	0
0.745497040486661	0
0.1000000000000000e-1
0.150282141079042e-1
-0.266035092869713	0
0.731831765992664	0
0.1000000000000000e-1
0.155448738437008e-1
-0.280030415072042	0
0.717942209237686	0
0.1000000000000000e-1
0.160396984897106e-1
-0.294242820697446	0
0.703841807470844	0
0.1000000000000000e-1
0.165107736655065e-1
-0.308658283817455	0
0.68954420192019	0
0.1000000000000000e-1
0.169562768727476e-1
-0.323262578110371	0
0.675063224595695	0
0.1000000000000000e-1
0.173744845460719e-1
-0.338041290900925	0
0.660412884907684	0
0.1000000000000000e-1
0.177637787212352e-1
-0.352979837383848	0
0.645607356113626	0
0.1000000000000000e-1
0.18122653294701e-1
-0.368063475017314	0
0.63066096160643	0
0.1000000000000000e-1
0.18449719850462e-1
-0.383277318072047	0
0.615588161057485	0
0.1000000000000000e-1
0.187437130315524e-1
-0.398606352321744	0
0.600403536427859	0
0.1000000000000000e-1
0.190034954354677e-1
-0.414035449860295	0
0.585121777861199	0
0.1000000000000000e-1
0.192280620145543e-1
-0.429549384031209	0
0.569757669471962	0
0.1000000000000000e-1
0.194165439643438e-1
-0.445132844454477	0
0.554326075042737	0
0.1000000000000000e-1
0.195682120847882e-1
-0.460770452136078	0
0.538841923644503	0
0.1000000000000000e-1
0.196824796013936e-1
-0.476446774645179	0
0.523320195193709	0
0.1000000000000000e-1
0.197589044353368e-1
-0.49214634134409	0
0.507775905960175	0
0.1000000000000000e-1
0.197971909137821e-1
-0.50785365865591	0
0.492224094039825	0
0.1000000000000000e-1
0.197971909137821e-1
-0.523553225354821	0
0.476679804806291	0
0.1000000000000000e-1
0.197589044353368e-1
-0.539229547863922	0
0.461158076355497	0
0.1000000000000000e-1
0.196824796013936e-1
-0.554867155545523	0
0.445673924957263	0
0.1000000000000000e-1
0.195682120847882e-1
-0.570450615968791	0
0.430242330528038	0
0.1000000000000000e-1
0.194165439643438e-1
-0.585964550139705	0
0.414878222138801	0
0.1000000000000000e-1
0.192280620145543e-1
-0.601393647678256	0
0.399596463572141	0
0.1000000000000000e-1
0.190034954354677e-1
-0.616722681927953	0
0.384411838942515	0
0.1000000000000000e-1
0.187437130315524e-1
-0.631936524982687	0
0.36933903839357	0
0.1000000000000000e-1
0.18449719850462e-1
-0.647020162616152	0
0.354392643886374	0
0.1000000000000000e-1
0.18122653294701e-1
-0.661958709099075	0
0.339587115092316	0
0.1000000000000000e-1
0.177637787212352e-1
-0.676737421889629	0
0.324936775404305	0
0.1000000000000000e-1
0.173744845460719e-1
-0.691341716182545	0
0.31045579807981	0
0.1000000000000000e-1
0.169562768727476e-1
-0.705757179302554	0
0.296158192529156	0
0.1000000000000000e-1
0.165107736655065e-1
-0.719969584927958	0
0.282057790762314	0
0.1000000000000000e-1
0.160396984897106e-1
-0.733964907130287	0
0.268168234007336	0
0.1000000000000000e-1
0.155448738437008e-1
-0.747729334216204	0
0.254502959513339	0
0.1000000000000000e-1
0.150282141079042e-1
-0.761249282357974	0
0.241075187550837	0
0.1000000000000000e-1
0.144917181384686e-1
-0.774511408999066	0
0.227897908621986	0
0.1000000000000000e-1
0.139374615340761e-1
-0.787502626021639	0
0.214983870893109	0
0.1000000000000000e-1
0.133675886058554e-1
-0.800210112662942	0
0.202345567861667	0
0.1000000000000000e-1
0.127843040814579e-1
-0.812621328167853	0
0.189995226269613	0
0.1000000000000000e-1
0.121898645753957e-1
-0.824724024165092	0
0.177944794274801	0
0.1000000000000000e-1
0.115865698586376e-1
-0.836506256754887	0
0.166205929891923	0
0.1000000000000000e-1
0.109767539612423e-1
-0.847956398296157	0
0.154789989714127	0
0.1000000000000000e-1
0.103627761424497e-1
-0.859063148881594	0
0.143708017926246	0
0.1000000000000000e-1
0.974701176316485e-2
-0.869815547489305	0
0.13297073562027	0
0.1000000000000000e-1
0.913184309614845e-2
-0.880202982800016	0
0.122588530423371	0
0.1000000000000000e-1
0.851965010946611e-2
-0.890215203669165	0
0.112571446448555	0
0.1000000000000000e-1
0.791280125885427e-2
-0.899842329243545	0
0.102929174577623	0
0.1000000000000000e-1
0.731364432462515e-2
-0.909074858712512	0
0.936710430858749e-1	0
0.1000000000000000e-1
0.672449732856072e-2
-0.917903680684135	0
0.848060086176013e-1	0
0.1000000000000000e-1
0.614763956593685e-2
-0.926320082177046	0
0.763426475211112e-1	0
0.1000000000000000e-1
0.558530278737256e-2
-0.934315757219096	0
0.682891475516683e-1	0
0.1000000000000000e-1
0.503966256462057e-2
-0.941882815044347	0
0.606532999503656e-1	0
0.1000000000000000e-1
0.45128298737027e-2
-0.949013787880308	0
0.534424919066043e-1	0
0.1000000000000000e-1
0.400684292795381e-2
-0.955701638317723	0
0.466636994114637e-1	0
0.1000000000000000e-1
0.352365929257032e-2
-0.961939766255643	0
0.403234805088819e-1	0
0.1000000000000000e-1
0.306514831117083e-2
-0.967722015414934	0
0.344279689511702e-1	0
0.1000000000000000e-1
0.263308387366871e-2
-0.973042679413773	0
0.289828682650055e-1	0
0.1000000000000000e-1
0.222913755343673e-2
-0.977896507399165	0
0.239934462336351e-1	0
0.1000000000000000e-1
0.185487214031436e-2
-0.982278709228899	0
0.194645298006377e-1	0
0.1000000000000000e-1
0.151173559447745e-2
-0.986184960198838	0
0.15400500400167e-1	0
0.1000000000000000e-1
0.12010554445617e-2
-0.989611405310883	0
0.118052897181965e-1	0
0.1000000000000000e-1
0.924033651712152e-3
-0.992554663077387	0
0.868237588886817e-2	0
0.1000000000000000e-1
0.681741959429115e-3
-0.995011828858279	0
0.603478012962166e-2	0
0.1000000000000000e-1
0.475117747200694e-3
-0.99698047772759	0
0.386506381836177e-2	0
0.1000000000000000e-1
0.304960403963703e-3
-0.998458666866564	0
0.21753260154907e-2	0
0.1000000000000000e-1
0.171928235423132e-3
-0.999444937480985	0
0.967201433202836e-3	0
0.1000000000000000e-1
0.765359171952821e-4
-0.99993831624083	0
0.241858854005961e-3	0
0.1000000000000000e-1
0.191525036277785e-4
0	-0.5	1
1	0.125	0.169435215946844	1
2	-0.836794019933555e-1	0.201150511583757	-0.292884347460491	1
3	0.598059456485e-1	0.171174703988079	0.322328835668531	1
4	-0.571506338959868e-1	0.167946319442331	-0.33960465084998	1
5	0.575979012339094e-1	0.162032843322225	0.347959620393184	1
6	-0.570995531307349e-1	0.16075215301439	-0.354722518106516	1
7	0.572529542726108e-1	0.158027307265925	0.358776476006568	1
8	-0.570760360952937e-1	0.157394666585812	-0.36233358806973	1
9	0.571400326954898e-1	0.155784067212431	0.364761138358455	1
10	-0.570637943812263e-1	0.155434056927162	-0.366928417733461	1
11	0.570901211350029e-1	0.154351224488334	0.368562396724774	1
12	-0.570564359520408e-1	0.154145966979301	-0.370004992090354	1
13	0.570640517553932e-1	0.153357416516234	0.371190770667396	1
14	-0.570515442375008e-1	0.153234423138721	-0.372209251445765	1
15	0.570489026452858e-1	0.152627972554871	0.373116304867648	1
16	-0.570480543602404e-1	0.152555215227477	-0.373866036062479	1
17	0.570394236910457e-1	0.152069965507874	0.37458745279343	1
18	-0.570454337973772e-1	0.152029518817424	-0.375156674889206	1
19	0.570331628867145e-1	0.151629419703397	0.375747924014597	1
20	-0.570433890108732e-1	0.15161056792446	-0.376190384314823	1
21	0.570288541577655e-1	0.151272846187299	0.376686625756485	1
22	-0.570417454979812e-1	0.151268848046574	-0.377036881585588	1
23	0.570257921955299e-1	0.150978369522886	0.377461512207721	1
24	-0.570403931363644e-1	0.150984808493269	-0.377742762092665	1
25	0.570235599727834e-1	0.15073109753259	0.378111975004413	1
26	-0.570392590072686e-1	0.150744983424001	-0.378340350744625	1
27	0.570218987927888e-1	0.150520542101725	0.378665722793451	1
28	-0.57038292885357e-1	0.150539794918421	-0.378852776010304	1
29	0.570206417107111e-1	0.1503391041316		0.37914281239749	1
30	-0.570374590225865e-1	0.150362244099187	-0.3792970226582	1
31	0.570196773683688e-1	0.150181143465297	0.379558118729554	1
32	-0.570367312614202e-1	0.150207097788843	-0.379685844201717	1
33	0.570189293689026e-1	0.150042386264819	0.379922906129569	1
34	-0.570360900045486e-1	0.150070364755715	-0.380029002877397	1
35	0.570183440190205e-1	0.14991953517492	0.380245860704945	1
36	-0.570355202675037e-1	0.149948947968955	-0.38033409775559	1
37	0.57017882782014e-1	0.149810005704186	0.380533787697544	1
38	-0.570350103879061e-1	0.149840407504933	-0.380607132214706	1
39	0.570175174864662e-1	0.149711743599521	0.380792094167999	1
40	-0.570345511465457e-1	0.149742795091774	-0.380852911708871	1
41	0.570172272016514e-1	0.149623095603997	0.381025130330459	1
42	-0.570341351545173e-1	0.149654536247608	-0.38107532822452	1
43	0.57016996150947e-1	0.149542716243328	0.381236435575927	1
44	-0.570337564167941e-1	0.149574344770315	-0.381277567374237	1
45	0.570168122887122e-1	0.14946949944685	0.381428918848343	1
46	-0.570334100155585e-1	0.149501159671739	-0.381462261607643	1
47	0.570166663111592e-1	0.149402527614127	0.381604992936192	1
48	-0.570330918765329e-1	0.149434097971495	-0.38163160521372	1
49	0.570165509570723e-1	0.149341033147763	0.381766675852533	1
50	-0.570327985939175e-1	0.149372418884662	-0.381787441786168	1
51	0.570164605057672e-1	0.149284369033373	0.381915668342405	1
52	-0.570325272974242e-1	0.149315496319196	-0.38193133154797	1
53	0.570163904115745e-1	0.149231986078685	0.382053413826835	1
54	-0.570322755500103e-1	0.149262797517476	-0.382064603745079	1
55	0.570163370342949e-1	0.14918341511781	0.382181145256627	1
56	-0.570320412683224e-1	0.149213866298242	-0.382188397833994	1
57	0.570162974380867e-1	0.149138252961792	0.382299922092977	1
58	-0.57031822660152e-1	0.149168309783083	-0.382303696162667	1
59	0.570162692397827e-1	0.149096151206865	0.382410659759186	1
60	-0.570316181747919e-1	0.149125787790596	-0.382411350125863	1
61	0.570162504933488e-1	0.149056807244762	0.382514153292569	1
62	-0.570314264632775e-1	0.149086004293067	-0.382512101265803	1
63	0.570162396010542e-1	0.149019956985821	0.382611096486326	1
64	-0.570312463462828e-1	0.149048700482496	-0.382606598421947	1
65	0.570162352445971e-1	0.148985368926042	0.382702097493485	1
66	-0.570310767879948e-1	0.149013649103098	-0.382695411766622	1
67	0.570162363312736e-1	0.148952839277266	0.382787691632794	1
68	-0.570309168747068e-1	0.148980649788442	-0.382779044366694	1
69	0.570162419515968e-1	0.148922187944769	0.382868351964712	1
70	-0.570307657971541e-1	0.148949525201445	-0.382857941765348	1
71	0.57016251345692e-1	0.148893255185148	0.382944498077614	1
72	-0.570306228358516e-1	0.148920117820497	-0.382932499968472	1
73	0.570162638764867e-1	0.148865898814008	0.383016503427748	1
74	-0.570304873488509e-1	0.148892287248964	-0.383003072137086	1
75	0.570162790081833e-1	0.148839991860791	0.383084701503176	1
76	-0.570303587614611e-1	0.14886590795131	-0.383069974223896	1
77	0.570162962888823e-1	0.148815420589421	0.38314939102571	1
78	-0.570302365575719e-1	0.148840867338935	-0.383133489743298	1
79	0.570163153364741e-1	0.148792082819906	0.383210840361521	1
80	-0.570301202722989e-1	0.148817064144327	-0.383193873826317	1
81	0.570163358271327e-1	0.148769886498855	0.383269291277328	1
82	-0.570300094857127e-1	0.1487944070341		-0.383251356682446	1
83	0.570163574858824e-1	0.148748748476908	0.383324962152664	1
84	-0.570299038174786e-1	0.148772813420967	-0.38330614656717	1
85	0.570163800788311e-1	0.148728593458968	0.383378050737918	1
86	-0.570298029222463e-1	0.148752208442143	-0.383358432335554	1
87	0.570164034067519e-1	0.148709353099417	0.383428736531319	1
88	-0.570297064856765e-1	0.148732524077598	-0.383408385647732	1
89	0.570164272997482e-1	0.148690965219482	0.383477182834901	1
90	-0.570296142209995e-1	0.148713698386344	-0.383456162880382	1
91	0.570164516128162e-1	0.148673373127963	0.383523538538861	1
92	-0.570295258660258e-1	0.148695674842717	-0.383501906788923	1
93	0.570164762221279e-1	0.148656525029726	0.383567939675268	1
94	-0.570294411805395e-1	0.148678401757715	-0.383545747957524	1
95	0.57016501021917e-1	0.148640373509035	0.383610510775171	1
96	-0.570293599440194e-1	0.148661831772945	-0.383587806067871	1
97	0.570165259218522e-1	0.148624875076901	0.383651366057484	1
98	-0.570292819536408e-1	0.148645921416771	-0.383628191012568	1
99	0.570165508448251e-1	0.148609989773387	0.383690610473513	
