-0.246719817134e-3	0
0.999433202210036	0
0.2e-1
0.145430597391e-2
-0.221901769846e-2	0
0.566797789964e-3	0
0.2e-1
0.14543015149e-2
-0.6155829702431e-2	0
0.997015984716044	0
0.2e-1
0.33799179289e-2
-0.12041619030626e-1	0
0.2984015283955e-2	0
0.2e-1
0.3379930482177e-2
-0.19853157161528e-1	0
0.992677042024006	0
0.2e-1
0.5295239775496e-2
-0.29559615522887e-1	0
0.7322957975995e-2	0
0.2e-1
0.5295223637073e-2
-0.41122687158009e-1	0
0.986432192553342	0
0.2e-1
0.7190460786171e-2
-0.54496737905816e-1	0
0.13567807446658e-1	0
0.2e-1
0.7190473185905e-2
-0.69628986498028e-1	0
0.978305477621423	0
0.2e-1
0.9057721477313e-2
-0.86459712862719e-1	0
0.21694522378577e-1	0
0.2e-1
0.9057717856797e-2
-0.104922493812155	0
0.968328309472422	0
0.2e-1
0.10890181695965e-1
-0.12494446518477	0
0.31671690527578e-1	0
0.2e-1
0.10890176201048e-1
-0.146446609406726	0
0.956539278327893	0
0.2e-1
0.1268028365706e-1
-0.169344067338174	0
0.43460721672108e-1	0
0.2e-1
0.12680294842372e-1
-0.193546473173512	0
0.942983989761806	0
0.2e-1
0.14421536798033e-1
-0.218958311073935	0
0.57016010238195e-1	0
0.2e-1
0.14421524626392e-1
-0.245479292124814	0
0.927714884714973	0
0.2e-1
0.16106840365539e-1
-0.273004750130227	0
0.72285115285027e-1	0
0.2e-1
0.16106849628685e-1
-0.30142605468261	0
0.910791035429668	0
0.2e-1
0.17729925413144e-1
-0.330631039877354	0
0.89208964570332e-1	0
0.2e-1
0.17729921073261e-1
-0.360504446980385	0
0.892277916450199	0
0.2e-1
0.19284383850135e-1
-0.390928379301729	0
0.107722083549801	0
0.2e-1
0.19284383367873e-1
-0.421782767479885	0
0.872247151113035	0
0.2e-1
0.20764217496701e-1
-0.452945843340743	0
0.127752848886965	0
0.2e-1
0.20764220991077e-1
-0.484294620460936	0
0.850776234353415	0
0.2e-1
0.22163769899231e-1
-0.515705379539064	0
0.149223765646585	0
0.2e-1
0.2216376602213e-1
-0.547054156659257	0
0.827948232842715	0
0.2e-1
0.23477508285713e-1
-0.578217232520115	0
0.172051767157284	0
0.2e-1
0.2347751015477e-1
-0.609071620698271	0
0.515549169163595	0
0.2e-1
0.31088305327256e-1
-0.639495553019615	0
0.484450830836405	0
0.2e-1
0.3108830082489e-1
-0.669368960122646	0
0.546587350780043	0
0.2e-1
0.30968045212988e-1
-0.69857394531739	0
0.453412649219957	0
0.2e-1
0.30968050355617e-1
-0.726995249869773	0
0.577445294999073	0
0.2e-1
0.30727934373406e-1
-0.754520707875186	0
0.422554705000927	0
0.2e-1
0.30727928155035e-1
-0.781041688926065	0
0.60800361843802	0
0.2e-1
0.30368999585706e-1
-0.806453526826488	0
0.39199638156198	0
0.2e-1
0.30369006635007e-1
-0.830655932661826	0
0.638144096889767	0
0.2e-1
0.29892519955946e-1
-0.853553390593274	0
0.361855903110233	0
0.2e-1
0.29892513388292e-1
-0.87505553481523	0
0.667750122709718	0
0.2e-1
0.29300428837694e-1
-0.895077506187845	0
0.332249877290281	0
0.2e-1
0.29300432928623e-1
-0.913540287137281	0
0.696707155948783	0
0.2e-1
0.28594963023858e-1
-0.930371013501972	0
0.303292844051217	0
0.2e-1
0.28594962867179e-1
-0.945503262094184	0
0.724903167487022	0
0.2e-1
0.27778869397935e-1
-0.958877312841991	0
0.275096832512978	0
0.2e-1
0.27778865853602e-1
-0.970440384477113	0
0.803851463592493	0
0.2e-1
0.24700483418086e-1
-0.980146842838472	0
0.196148536407507	0
0.2e-1
0.24700484819605e-1
-0.987958380969374	0
0.778579152257311	0
0.2e-1
0.25827841706753e-1
-0.993844170297569	0
0.221420847742689	0
0.2e-1
0.25827837409662e-1
-0.99778098230154	0
0.752229072453726	0
0.2e-1
0.26855316841441e-1
-0.999753280182866	0
0.247770927546274	0
0.2e-1
0.2685532209365e-1
0	-0.5	1
1	0.125	-0.22694203226188e-1	1
2	-0.596632245967265e-1	0.185099852279612	-0.243141916338992	1
3	0.652688194740676e-1	0.232878089376983	0.35296356766879	1
4	-0.596887986189018e-1	0.151923562246302	-0.341982698914388	1
5	0.546361475963962e-1	0.172621640782512	0.372594130470729	1
6	-0.587252663937665e-1	0.150308494529487	-0.361996184962347	1
7	0.556267705272477e-1	0.16056610827319	0.377171108347252	1
8	-0.581412015156487e-1	0.149851350872425	-0.369730190936087	1
9	0.561251277392783e-1	0.156032877111338	0.379051272660169	1
10	-0.578167930836705e-1	0.149621438144075	-0.373662356116619	1
11	0.563910413721869e-1	0.153788687373568	0.380082733857107	1
12	-0.576206843739451e-1	0.149470237714796	-0.376000046907904	1
13	0.565488402677605e-1	0.152486803542771	0.380751346983103	1
14	-0.574930018875896e-1	0.149356431098087	-0.377538132956941	1
15	0.566504554358532e-1	0.15164923957734	0.381231900504918	1
16	-0.574049389091802e-1	0.149264256872576	-0.378624550961296	1
17	0.567200272227128e-1	0.151069725175493	0.381601454469699	1
18	-0.573414162191212e-1	0.149186292445777	-0.379433156684172	1
19	0.567699510063485e-1	0.150646564160374	0.381899190596719	1
20	-0.57293937149724e-1	0.14911847838377	-0.380059593611537	1
21	0.568071229738409e-1	0.150324506198693	0.382147233988707	1
22	-0.572574146581608e-1	0.149058339753932	-0.380560476911941	1
23	0.568356343365643e-1	0.150071227145383	0.382359114682084	1
24	-0.57228647356277e-1	0.149004242076142	-0.380971309863625	1
25	0.568580419102533e-1	0.149866678204275	0.382543634202001	1
26	-0.57205535237583e-1	0.148955039128764	-0.381315420046789	1
27	0.568760133013026e-1	0.149697822152911	0.38270680902605	1
28	-0.571866521091686e-1	0.148909891693557	-0.381608734534818	1
29	0.568906772467478e-1	0.149555845527248	0.382852919041494	1
30	-0.57171000288651e-1	0.148868159979457	-0.381862488950011	1
31	0.569028181102071e-1	0.149434587240031	0.382985102549316	1
32	-0.571578633879303e-1	0.14882934875074	-0.382084822319214	1
33	0.569130010920925e-1	0.14932962699682	0.383105740170365	1
34	-0.571467165131171e-1	0.148793051530663	-0.38228179118722	1
35	0.569216265832497e-1	0.149237692598017	0.383216597948475	1
36	-0.571371621648842e-1	0.148758947484209	-0.382457965915688	1
37	0.56929008519275e-1	0.149156351938197	0.383319197958032	1
38	-0.571289065047049e-1	0.148726773034072	-0.382616884246752	1
39	0.569353851844824e-1	0.149083732150265	0.383414810028216	1
40	-0.571217264635853e-1	0.148696375823482	-0.382761240310687	1
41	0.569409812064511e-1	0.149018428909378	0.383504194576434	1
42	-0.571154287859184e-1	0.148667451874693	-0.382893357547917	1
43	0.569458586456222e-1	0.148959202436329	0.383588240048331	1
44	-0.571098773019095e-1	0.148639902770812	-0.383014955712879	1
45	0.569501594089804e-1	0.148905157059242	0.383667409108899	1
46	-0.571049453583406e-1	0.148613585234029	-0.383127461515599	1
47	0.569539751014498e-1	0.148855572925272	0.383742281946145	1
48	-0.571005420746908e-1	0.148588331671007	-0.383232126613194	1
49	0.569573480935107e-1	0.148809798223281	0.383813413256583	