
Date:1/6/2009
Time:16:6:35
Output format: Text
Calculations precision: 16

Initial classic operator matrix and disturb polynomials
0.000000000000000	0.000000000000000	-0.500000000000000	1.00000000000000
0.000000000000000	0.125000000000000	0.169435215946844	1.00000000000000
-0.0836794019933555	0.201150511583757	-0.292884347460491	1.00000000000000
0.0598059456485555	0.171174703988079	0.322328835668531	1.00000000000000
-0.0571506338959868	0.167946319442331	-0.339604650849980	1.00000000000000
0.0575979012339094	0.162032843322225	0.347959620393184	1.00000000000000
-0.0570995531307349	0.160752153014390	-0.354722518106516	1.00000000000000
0.0572529542726108	0.158027307265925	0.358776476006568	1.00000000000000
-0.0570760360952937	0.157394666585812	-0.362333588069730	1.00000000000000
0.0571400326954898	0.155784067212431	0.364761138358455	1.00000000000000
-0.0570637943812263	0.155434056927162	-0.366928417733461	1.00000000000000
0.0570901211350029	0.154351224488334	0.368562396724774	1.00000000000000
-0.0570564359520408	0.154145966979301	-0.370004992090354	1.00000000000000
0.0570640517553932	0.153357416516234	0.371190770667396	1.00000000000000
-0.0570515442375008	0.153234423138721	-0.372209251445765	1.00000000000000
0.0570489026452858	0.152627972554871	0.373116304867648	1.00000000000000
-0.0570480543602404	0.152555215227477	-0.373866036062479	1.00000000000000
0.0570394236910457	0.152069965507874	0.374587452793430	1.00000000000000
-0.0570454337973772	0.152029518817424	-0.375156674889206	1.00000000000000
0.0570331628867145	0.151629419703397	0.375747924014597	1.00000000000000
-0.0570433890108732	0.151610567924460	-0.376190384314823	1.00000000000000
0.0570288541577655	0.151272846187299	0.376686625756485	1.00000000000000
-0.0570417454979812	0.151268848046574	-0.377036881585588	1.00000000000000
0.0570257921955299	0.150978369522886	0.377461512207721	1.00000000000000
-0.0570403931363644	0.150984808493269	-0.377742762092665	1.00000000000000
0.0570235599727834	0.150731097532590	0.378111975004413	1.00000000000000
-0.0570392590072686	0.150744983424001	-0.378340350744625	1.00000000000000
0.0570218987927888	0.150520542101725	0.378665722793451	1.00000000000000
-0.0570382928853570	0.150539794918421	-0.378852776010304	1.00000000000000
0.0570206417107111	0.150339104131611	0.379142812397490	1.00000000000000
-0.0570374590225865	0.150362244099187	-0.379297022658200	1.00000000000000
0.0570196773683688	0.150181143465297	0.379558118729554	1.00000000000000
-0.0570367312614202	0.150207097788843	-0.379685844201717	1.00000000000000
0.0570189293689026	0.150042386264819	0.379922906129569	1.00000000000000
-0.0570360900045486	0.150070364755715	-0.380029002877397	1.00000000000000
0.0570183440190205	0.149919535174920	0.380245860704945	1.00000000000000
-0.0570355202675037	0.149948947968955	-0.380334097755590	1.00000000000000
0.0570178827820141	0.149810005704186	0.380533787697544	1.00000000000000
-0.0570350103879061	0.149840407504933	-0.380607132214706	1.00000000000000
0.0570175174864662	0.149711743599521	0.380792094167999	1.00000000000000
-0.0570345511465457	0.149742795091774	-0.380852911708871	1.00000000000000
0.0570172272016514	0.149623095603997	0.381025130330459	1.00000000000000
-0.0570341351545173	0.149654536247608	-0.381075328224520	1.00000000000000
0.0570169961509471	0.149542716243328	0.381236435575927	1.00000000000000
-0.0570337564167941	0.149574344770315	-0.381277567374237	1.00000000000000
0.0570168122887122	0.149469499446850	0.381428918848343	1.00000000000000
-0.0570334100155585	0.149501159671739	-0.381462261607643	1.00000000000000
0.0570166663111592	0.149402527614127	0.381604992936192	1.00000000000000
-0.0570330918765329	0.149434097971495	-0.381631605213720	1.00000000000000
0.0570165509570723	0.149341033147763	0.381766675852533	1.00000000000000
-0.0570327985939175	0.149372418884662	-0.381787441786168	1.00000000000000
0.0570164605057672	0.149284369033373	0.381915668342405	1.00000000000000
-0.0570325272974242	0.149315496319196	-0.381931331547970	1.00000000000000
0.0570163904115745	0.149231986078685	0.382053413826835	1.00000000000000
-0.0570322755500103	0.149262797517476	-0.382064603745079	1.00000000000000
0.0570163370342949	0.149183415117810	0.382181145256627	1.00000000000000
-0.0570320412683224	0.149213866298242	-0.382188397833994	1.00000000000000
0.0570162974380867	0.149138252961792	0.382299922092977	1.00000000000000
-0.0570318226601520	0.149168309783083	-0.382303696162667	1.00000000000000
0.0570162692397827	0.149096151206865	0.382410659759186	1.00000000000000
-0.0570316181747919	0.149125787790596	-0.382411350125863	1.00000000000000
0.0570162504933488	0.149056807244762	0.382514153292569	1.00000000000000
-0.0570314264632775	0.149086004293067	-0.382512101265803	1.00000000000000
0.0570162396010542	0.149019956985821	0.382611096486326	1.00000000000000
-0.0570312463462828	0.149048700482496	-0.382606598421947	1.00000000000000
0.0570162352445971	0.148985368926042	0.382702097493485	1.00000000000000
-0.0570310767879948	0.149013649103098	-0.382695411766622	1.00000000000000
0.0570162363312736	0.148952839277266	0.382787691632794	1.00000000000000
-0.0570309168747068	0.148980649788442	-0.382779044366694	1.00000000000000
0.0570162419515968	0.148922187944769	0.382868351964712	1.00000000000000
-0.0570307657971541	0.148949525201445	-0.382857941765348	1.00000000000000
0.0570162513456920	0.148893255185148	0.382944498077614	1.00000000000000
-0.0570306228358516	0.148920117820497	-0.382932499968472	1.00000000000000
0.0570162638764867	0.148865898814008	0.383016503427748	1.00000000000000
-0.0570304873488509	0.148892287248964	-0.383003072137086	1.00000000000000
0.0570162790081833	0.148839991860791	0.383084701503176	1.00000000000000
-0.0570303587614611	0.148865907951310	-0.383069974223896	1.00000000000000
0.0570162962888823	0.148815420589421	0.383149391025710	1.00000000000000
-0.0570302365575719	0.148840867338935	-0.383133489743298	1.00000000000000
0.0570163153364741	0.148792082819906	0.383210840361521	1.00000000000000
-0.0570301202722989	0.148817064144327	-0.383193873826317	1.00000000000000
0.0570163358271327	0.148769886498855	0.383269291277328	1.00000000000000
-0.0570300094857127	0.148794407034111	-0.383251356682446	1.00000000000000
0.0570163574858824	0.148748748476908	0.383324962152664	1.00000000000000
-0.0570299038174786	0.148772813420967	-0.383306146567170	1.00000000000000
0.0570163800788311	0.148728593458968	0.383378050737918	1.00000000000000
-0.0570298029222463	0.148752208442143	-0.383358432335554	1.00000000000000
0.0570164034067519	0.148709353099417	0.383428736531319	1.00000000000000
-0.0570297064856765	0.148732524077598	-0.383408385647732	1.00000000000000
0.0570164272997482	0.148690965219482	0.383477182834901	1.00000000000000
-0.0570296142209995	0.148713698386344	-0.383456162880382	1.00000000000000
0.0570164516128162	0.148673373127963	0.383523538538861	1.00000000000000
-0.0570295258660258	0.148695674842717	-0.383501906788923	1.00000000000000
0.0570164762221279	0.148656525029726	0.383567939675268	1.00000000000000
-0.0570294411805395	0.148678401757715	-0.383545747957524	1.00000000000000
0.0570165010219170	0.148640373509035	0.383610510775171	1.00000000000000
-0.0570293599440194	0.148661831772945	-0.383587806067871	1.00000000000000
0.0570165259218522	0.148624875076901	0.383651366057484	1.00000000000000
-0.0570292819536408	0.148645921416771	-0.383628191012568	1.00000000000000
0.0570165508448251	0.148609989773387	0.383690610473510	0.000000000000000
z^(3)+1z^(0)
z^(3)+1z^(0)
Modified moments calculating ...
0.687500000000000	0.117187500000000	-0.0901681893687637	0.0107603617400697	-0.00800302740747925	0.000380461149887128	-0.000273068955483685	0.000000000000000	0.000000000000000	0.000000000000000	0.000000000000000	0.000000000000000	0.000000000000000	0.000000000000000	0.000000000000000	0.000000000000000	0.000000000000000	0.000000000000000	0.000000000000000	0.000000000000000	0.000000000000000	0.000000000000000	0.000000000000000	0.000000000000000	0.000000000000000	0.000000000000000	0.000000000000000	0.000000000000000	0.000000000000000	0.000000000000000	0.000000000000000	0.000000000000000	0.000000000000000	0.000000000000000	0.000000000000000	0.000000000000000	0.000000000000000	0.000000000000000	0.000000000000000	0.000000000000000	0.000000000000000	0.000000000000000	0.000000000000000	0.000000000000000	0.000000000000000	0.000000000000000	0.000000000000000	0.000000000000000	0.000000000000000	0.000000000000000	0.000000000000000	0.000000000000000	0.000000000000000	0.000000000000000	0.000000000000000	0.000000000000000	0.000000000000000	0.000000000000000	0.000000000000000	0.000000000000000	0.000000000000000	0.000000000000000	0.000000000000000	0.000000000000000	0.000000000000000	0.000000000000000	0.000000000000000	0.000000000000000	0.000000000000000	0.000000000000000	0.000000000000000	0.000000000000000	0.000000000000000	0.000000000000000	0.000000000000000	0.000000000000000	0.000000000000000	0.000000000000000	0.000000000000000	0.000000000000000	0.000000000000000	0.000000000000000	0.000000000000000	0.000000000000000	0.000000000000000	0.000000000000000	0.000000000000000	0.000000000000000	0.000000000000000	0.000000000000000	0.000000000000000	0.000000000000000	0.000000000000000	0.000000000000000	0.000000000000000	0.000000000000000	0.000000000000000	0.000000000000000	0.000000000000000	0.000000000000000
0.520141196013289	0.970099667774142	0.177148810443604	0.0320120702394477	0.0174433155725107	0.00464057596746162	0.000636633346870015	0.000197219076999485	0.000000000000000	0.000000000000000	0.000000000000000	0.000000000000000	0.000000000000000	0.000000000000000	0.000000000000000	0.000000000000000	0.000000000000000	0.000000000000000	0.000000000000000	0.000000000000000	0.000000000000000	0.000000000000000	0.000000000000000	0.000000000000000	0.000000000000000	0.000000000000000	0.000000000000000	0.000000000000000	0.000000000000000	0.000000000000000	0.000000000000000	0.000000000000000	0.000000000000000	0.000000000000000	0.000000000000000	0.000000000000000	0.000000000000000	0.000000000000000	0.000000000000000	0.000000000000000	0.000000000000000	0.000000000000000	0.000000000000000	0.000000000000000	0.000000000000000	0.000000000000000	0.000000000000000	0.000000000000000	0.000000000000000	0.000000000000000	0.000000000000000	0.000000000000000	0.000000000000000	0.000000000000000	0.000000000000000	0.000000000000000	0.000000000000000	0.000000000000000	0.000000000000000	0.000000000000000	0.000000000000000	0.000000000000000	0.000000000000000	0.000000000000000	0.000000000000000	0.000000000000000	0.000000000000000	0.000000000000000	0.000000000000000	0.000000000000000	0.000000000000000	0.000000000000000	0.000000000000000	0.000000000000000	0.000000000000000	0.000000000000000	0.000000000000000	0.000000000000000	0.000000000000000	0.000000000000000	0.000000000000000	0.000000000000000	0.000000000000000	0.000000000000000	0.000000000000000	0.000000000000000	0.000000000000000	0.000000000000000	0.000000000000000	0.000000000000000	0.000000000000000	0.000000000000000	0.000000000000000	0.000000000000000	0.000000000000000	0.000000000000000	0.000000000000000	0.000000000000000	0.000000000000000	0.000000000000000
Vector Modified Chebushev algorithm ...
0.000000000000000	0.000000000000000	-0.329545454545455	1.00000000000000
0.000000000000000	0.0788997933884400	0.277351836903344	1.00000000000000
-0.0605126161700342	0.200648903231450	-0.309644504045346	1.00000000000000
0.0671895680421537	0.165797060945890	0.322505843391810	1.00000000000000
-0.0558943004955509	0.168015884464346	-0.346015106368604	1.00000000000000
0.0581497563985273	0.159216747525771	0.349849574070023	1.00000000000000
-0.0566505195700669	0.160929146097046	-0.358015920915847	1.00000000000000
0.0576229000882557	0.156496166734885	0.359593462685021	1.00000000000000
-0.0568106794520437	0.157481315091448	-0.364296386965377	1.00000000000000
0.0573622341205401	0.154860949254576	0.365271403037045	1.00000000000000
-0.0568958910938923	0.155474731044773	-0.368242523277771	1.00000000000000
0.0572352680878254	0.153729035252328	0.368920021356754	1.00000000000000
-0.0569409322862868	0.154163716036643	-0.370951622389230	1.00000000000000
0.0571662247780456	0.152908486767949	0.371461073789532	1.00000000000000
-0.0569673352771651	0.153239379496569	-0.372927643882330	1.00000000000000
0.0571245985272814	0.152287707469733	0.373331548212531	1.00000000000000
-0.0569839922732111	0.152552637387015	-0.374432723742417	1.00000000000000
0.0570977042489111	0.151802357391118	0.374765371299213	1.00000000000000
-0.0569950865230627	0.152022338680710	-0.375617212207329	1.00000000000000
0.0570793936499402	0.151412826219898	0.375899136065057	1.00000000000000
-0.0570027920071893	0.151600516986909	-0.376573597527170	1.00000000000000
0.0570664086806804	0.151093478054577	0.376817910902580	1.00000000000000
-0.0570083244035285	0.151256995287621	-0.377361916561007	1.00000000000000
0.0570568956391532	0.150827023769027	0.377577424101394	1.00000000000000
-0.0570124046148300	0.150971837125225	-0.378022844600359	1.00000000000000
0.0570497383922866	0.150601395397397	0.378215700048108	1.00000000000000
-0.0570154809881280	0.150731342094937	-0.378584918865016	1.00000000000000
0.0570442331903342	0.150407921264997	0.378759567157102	1.00000000000000
-0.0570178435674490	0.150525784478662	-0.379068751608841	1.00000000000000
0.0570399189822255	0.150240213794554	0.379228493005565	1.00000000000000
-0.0570196863094068	0.150348069474587	-0.379489602035301	1.00000000000000
0.0570364838024501	0.150093466189585	0.379636944849968	1.00000000000000
-0.0570211426317074	0.150192900086228	-0.379859007611523	1.00000000000000
0.0570337106531808	0.149963993239342	0.379995896951459	1.00000000000000
-0.0570223065721521	0.150056241730104	-0.380185853116896	1.00000000000000
0.0570314449474651	0.149848923030996	0.380313823920917	1.00000000000000
-0.0570232458335894	0.149934967407917	-0.380477091256660	1.00000000000000
0.0570295742391449	0.149745984836882	0.380597373488597	1.00000000000000
-0.0570240100761219	0.149826616176451	-0.380738240509752	1.00000000000000
0.0570280152193831	0.149653359968413	0.380851833195706	1.00000000000000
-0.0570246363315676	0.149729224842206	-0.380973736613581	1.00000000000000
0.0570267051525286	0.149569574854348	0.381081461049941	1.00000000000000
-0.0570251526238315	0.149641208227813	-0.381187185538420	1.00000000000000
0.0570255961027825	0.149493423046955	0.381289724247271	1.00000000000000
-0.0570255804414325	0.149561272407842	-0.381381548721608	1.00000000000000
0.0570246509604601	0.149423907432048	0.381479474449460	1.00000000000000
-0.0570259364584553	0.149488350788175	-0.381559280816919	1.00000000000000
0.0570238406553631	0.149360196797726	0.381653078447347	1.00000000000000
-0.0570262337530607	0.149421556307832	-0.381722433576534	1.00000000000000
0.0570231421694082	0.149301592770181	0.381812516914360	1.00000000000000
-0.0570264826837247	0.149360145210930	-0.381872735195914	1.00000000000000
0.0570225370974272	0.149247504343402	0.381959459982859	1.00000000000000
-0.0570266915283093	0.149303489248416	-0.382011651625810	1.00000000000000
0.0570220105903058	0.149197428045203	0.382095325748198	1.00000000000000
-0.0570268669562152	0.149251054106955	-0.382140434457235	1.00000000000000
0.0570215505689182	0.149150932337782	0.382221326034800	1.00000000000000
-0.0570270143813681	0.149202382496329	-0.382260158688354	1.00000000000000
0.0570211471325817	0.149107645235335	0.382338502545314	1.00000000000000
-0.0570271382290136	0.149157080762622	-0.382371752782068	1.00000000000000
0.0570207921090538	0.149067244391200	0.382447755669768	1.00000000000000
-0.0570272421394042	0.149114808198601	-0.382476022789349	1.00000000000000
0.0570204787087661	0.149029449098951	0.382549867635825	1.00000000000000
-0.0570273291247694	0.149075268438023	-0.382573671861296	1.00000000000000
0.0570202012566743	0.148994013790133	0.382645521255346	1.00000000000000
-0.0570274016913349	0.149038202474907	-0.382665316146198	1.00000000000000
0.0570199549825001	0.148960722712139	0.382735315214070	1.00000000000000
-0.0570274619349437	0.149003382960809	-0.382751497829354	1.00000000000000
0.0570197358553247	0.148929385543852	0.382819776625662	1.00000000000000
-0.0570275116165558	0.148970609515275	-0.382832695897167	1.00000000000000
0.0570195404521719	0.148899833761989	0.382899371404311	1.00000000000000
-0.0570275522222855	0.148939704845553	-0.382909335075604	1.00000000000000
0.0570193658528573	0.148871917612439	0.382974512885527	1.00000000000000
-0.0570275850114562	0.148910511517245	-0.382981793294231	1.00000000000000
0.0570192095552999	0.148845503572361	0.383045569030659	1.00000000000000
-0.0570276110553068	0.148882889251992	-0.383050407951846	1.00000000000000
0.0570190694068800	0.148820472212786	0.383112868479301	1.00000000000000
-0.0570276312683529	0.148856712654491	-0.383115481202350	1.00000000000000
0.0570189435485067	0.148796716389947	0.383176705658429	1.00000000000000
-0.0570276464339023	0.148831869291724	-0.383177284434415	1.00000000000000
0.0570188303685900	0.157734366713200	-0.936221928057857	1.00000000000000
-265.123076225748	218.964234949314	-12.4339963616794	1.00000000000000
-201794.596197190	15250.9924093182	-5.58547339928318	1.00000000000000
930208.406439151	-14207.5665684664	-0.210888120828292	1.00000000000000
-541053.956076200	-341.045553963111	5.90079059462864	1.00000000000000
19576.4496503786	-469.884606681808	17.2313557085636	1.00000000000000
7602.25110302320	-469.691319770714	-4.07715129174848	1.00000000000000
-1320.08427843294	8.27953540082430	-16.0255182772941	1.00000000000000
39.1551338034967	-327.971116418213	1.83755976274825	1.00000000000000
-3122.30732035436	4.05396891312634	10.5216974975796	1.00000000000000
500.978555259994	-39.2957882271181	3.21879924544529	1.00000000000000
-1.49333903001077	-15.3737072079956	0.258615124710221	1.00000000000000
-41.6617748686473	-16.5910661375563	1.02616447172910	1.00000000000000
20.7505010470323	-8.89425449367700	-0.864684240334532	1.00000000000000
11.2461703218227	-8.73844797441917	-1.86397234364597	1.00000000000000
-0.865472158059873	-0.452913049004683	-52.3075876745896	1.00000000000000
-18.9222094838703	-2784.11978591341	53.4084999630615	1.00000000000000
4849.83911657346	28.5555748736567	131.478692463918	1.00000000000000
-15862.4741042489	-17226.7626287609	-131.481380279463	1.00000000000000
1847.10092512576	-29.3151934506897	-1.00505636599795	1.00000000000000
-5.49394925013633	-0.0338183354016862	-262.773496982909	0.000000000000000