
Date:1/6/2009
Time:16:12:47
Output format: Text
Calculations precision: 16

Initial classic operator matrix and disturb polynomials
0.000000000000000	0.000000000000000	-0.500000000000000	1.00000000000000
0.000000000000000	0.125000000000000	0.169435215946844	1.00000000000000
-0.0836794019933555	0.201150511583757	-0.292884347460491	1.00000000000000
0.0598059456485555	0.171174703988079	0.322328835668531	1.00000000000000
-0.0571506338959868	0.167946319442331	-0.339604650849980	1.00000000000000
0.0575979012339094	0.162032843322225	0.347959620393184	1.00000000000000
-0.0570995531307349	0.160752153014390	-0.354722518106516	1.00000000000000
0.0572529542726108	0.158027307265925	0.358776476006568	1.00000000000000
-0.0570760360952937	0.157394666585812	-0.362333588069730	1.00000000000000
0.0571400326954898	0.155784067212431	0.364761138358455	1.00000000000000
-0.0570637943812263	0.155434056927162	-0.366928417733461	1.00000000000000
0.0570901211350029	0.154351224488334	0.368562396724774	1.00000000000000
-0.0570564359520408	0.154145966979301	-0.370004992090354	1.00000000000000
0.0570640517553932	0.153357416516234	0.371190770667396	1.00000000000000
-0.0570515442375008	0.153234423138721	-0.372209251445765	1.00000000000000
0.0570489026452858	0.152627972554871	0.373116304867648	1.00000000000000
-0.0570480543602404	0.152555215227477	-0.373866036062479	1.00000000000000
0.0570394236910457	0.152069965507874	0.374587452793430	1.00000000000000
-0.0570454337973772	0.152029518817424	-0.375156674889206	1.00000000000000
0.0570331628867145	0.151629419703397	0.375747924014597	1.00000000000000
-0.0570433890108732	0.151610567924460	-0.376190384314823	1.00000000000000
0.0570288541577655	0.151272846187299	0.376686625756485	1.00000000000000
-0.0570417454979812	0.151268848046574	-0.377036881585588	1.00000000000000
0.0570257921955299	0.150978369522886	0.377461512207721	1.00000000000000
-0.0570403931363644	0.150984808493269	-0.377742762092665	1.00000000000000
0.0570235599727834	0.150731097532590	0.378111975004413	1.00000000000000
-0.0570392590072686	0.150744983424001	-0.378340350744625	1.00000000000000
0.0570218987927888	0.150520542101725	0.378665722793451	1.00000000000000
-0.0570382928853570	0.150539794918421	-0.378852776010304	1.00000000000000
0.0570206417107111	0.150339104131611	0.379142812397490	1.00000000000000
-0.0570374590225865	0.150362244099187	-0.379297022658200	1.00000000000000
0.0570196773683688	0.150181143465297	0.379558118729554	1.00000000000000
-0.0570367312614202	0.150207097788843	-0.379685844201717	1.00000000000000
0.0570189293689026	0.150042386264819	0.379922906129569	1.00000000000000
-0.0570360900045486	0.150070364755715	-0.380029002877397	1.00000000000000
0.0570183440190205	0.149919535174920	0.380245860704945	1.00000000000000
-0.0570355202675037	0.149948947968955	-0.380334097755590	1.00000000000000
0.0570178827820141	0.149810005704186	0.380533787697544	1.00000000000000
-0.0570350103879061	0.149840407504933	-0.380607132214706	1.00000000000000
0.0570175174864662	0.149711743599521	0.380792094167999	1.00000000000000
-0.0570345511465457	0.149742795091774	-0.380852911708871	1.00000000000000
0.0570172272016514	0.149623095603997	0.381025130330459	1.00000000000000
-0.0570341351545173	0.149654536247608	-0.381075328224520	1.00000000000000
0.0570169961509471	0.149542716243328	0.381236435575927	1.00000000000000
-0.0570337564167941	0.149574344770315	-0.381277567374237	1.00000000000000
0.0570168122887122	0.149469499446850	0.381428918848343	1.00000000000000
-0.0570334100155585	0.149501159671739	-0.381462261607643	1.00000000000000
0.0570166663111592	0.149402527614127	0.381604992936192	1.00000000000000
-0.0570330918765329	0.149434097971495	-0.381631605213720	1.00000000000000
0.0570165509570723	0.149341033147763	0.381766675852533	1.00000000000000
-0.0570327985939175	0.149372418884662	-0.381787441786168	1.00000000000000
0.0570164605057672	0.149284369033373	0.381915668342405	1.00000000000000
-0.0570325272974242	0.149315496319196	-0.381931331547970	1.00000000000000
0.0570163904115745	0.149231986078685	0.382053413826835	1.00000000000000
-0.0570322755500103	0.149262797517476	-0.382064603745079	1.00000000000000
0.0570163370342949	0.149183415117810	0.382181145256627	1.00000000000000
-0.0570320412683224	0.149213866298242	-0.382188397833994	1.00000000000000
0.0570162974380867	0.149138252961792	0.382299922092977	1.00000000000000
-0.0570318226601520	0.149168309783083	-0.382303696162667	1.00000000000000
0.0570162692397827	0.149096151206865	0.382410659759186	1.00000000000000
-0.0570316181747919	0.149125787790596	-0.382411350125863	1.00000000000000
0.0570162504933488	0.149056807244762	0.382514153292569	1.00000000000000
-0.0570314264632775	0.149086004293067	-0.382512101265803	1.00000000000000
0.0570162396010542	0.149019956985821	0.382611096486326	1.00000000000000
-0.0570312463462828	0.149048700482496	-0.382606598421947	1.00000000000000
0.0570162352445971	0.148985368926042	0.382702097493485	1.00000000000000
-0.0570310767879948	0.149013649103098	-0.382695411766622	1.00000000000000
0.0570162363312736	0.148952839277266	0.382787691632794	1.00000000000000
-0.0570309168747068	0.148980649788442	-0.382779044366694	1.00000000000000
0.0570162419515968	0.148922187944769	0.382868351964712	1.00000000000000
-0.0570307657971541	0.148949525201445	-0.382857941765348	1.00000000000000
0.0570162513456920	0.148893255185148	0.382944498077614	1.00000000000000
-0.0570306228358516	0.148920117820497	-0.382932499968472	1.00000000000000
0.0570162638764867	0.148865898814008	0.383016503427748	1.00000000000000
-0.0570304873488509	0.148892287248964	-0.383003072137086	1.00000000000000
0.0570162790081833	0.148839991860791	0.383084701503176	1.00000000000000
-0.0570303587614611	0.148865907951310	-0.383069974223896	1.00000000000000
0.0570162962888823	0.148815420589421	0.383149391025710	1.00000000000000
-0.0570302365575719	0.148840867338935	-0.383133489743298	1.00000000000000
0.0570163153364741	0.148792082819906	0.383210840361521	1.00000000000000
-0.0570301202722989	0.148817064144327	-0.383193873826317	1.00000000000000
0.0570163358271327	0.148769886498855	0.383269291277328	1.00000000000000
-0.0570300094857127	0.148794407034111	-0.383251356682446	1.00000000000000
0.0570163574858824	0.148748748476908	0.383324962152664	1.00000000000000
-0.0570299038174786	0.148772813420967	-0.383306146567170	1.00000000000000
0.0570163800788311	0.148728593458968	0.383378050737918	1.00000000000000
-0.0570298029222463	0.148752208442143	-0.383358432335554	1.00000000000000
0.0570164034067519	0.148709353099417	0.383428736531319	1.00000000000000
-0.0570297064856765	0.148732524077598	-0.383408385647732	1.00000000000000
0.0570164272997482	0.148690965219482	0.383477182834901	1.00000000000000
-0.0570296142209995	0.148713698386344	-0.383456162880382	1.00000000000000
0.0570164516128162	0.148673373127963	0.383523538538861	1.00000000000000
-0.0570295258660258	0.148695674842717	-0.383501906788923	1.00000000000000
0.0570164762221279	0.148656525029726	0.383567939675268	1.00000000000000
-0.0570294411805395	0.148678401757715	-0.383545747957524	1.00000000000000
0.0570165010219170	0.148640373509035	0.383610510775171	1.00000000000000
-0.0570293599440194	0.148661831772945	-0.383587806067871	1.00000000000000
0.0570165259218522	0.148624875076901	0.383651366057484	1.00000000000000
-0.0570292819536408	0.148645921416771	-0.383628191012568	1.00000000000000
0.0570165508448251	0.148609989773387	0.383690610473510	0.000000000000000
z^(3)-z^(1)
z^(3)-z^(1)
Modified moments calculating ...
0.187500000000000	-0.00781250000000009	-0.00648878737540819	0.0107603617400697	-0.00800302740747925	0.000380461149887128	-0.000273068955483685	0.000000000000000	0.000000000000000	0.000000000000000	0.000000000000000	0.000000000000000	0.000000000000000	0.000000000000000	0.000000000000000	0.000000000000000	0.000000000000000	0.000000000000000	0.000000000000000	0.000000000000000	0.000000000000000	0.000000000000000	0.000000000000000	0.000000000000000	0.000000000000000	0.000000000000000	0.000000000000000	0.000000000000000	0.000000000000000	0.000000000000000	0.000000000000000	0.000000000000000	0.000000000000000	0.000000000000000	0.000000000000000	0.000000000000000	0.000000000000000	0.000000000000000	0.000000000000000	0.000000000000000	0.000000000000000	0.000000000000000	0.000000000000000	0.000000000000000	0.000000000000000	0.000000000000000	0.000000000000000	0.000000000000000	0.000000000000000	0.000000000000000	0.000000000000000	0.000000000000000	0.000000000000000	0.000000000000000	0.000000000000000	0.000000000000000	0.000000000000000	0.000000000000000	0.000000000000000	0.000000000000000	0.000000000000000	0.000000000000000	0.000000000000000	0.000000000000000	0.000000000000000	0.000000000000000	0.000000000000000	0.000000000000000	0.000000000000000	0.000000000000000	0.000000000000000	0.000000000000000	0.000000000000000	0.000000000000000	0.000000000000000	0.000000000000000	0.000000000000000	0.000000000000000	0.000000000000000	0.000000000000000	0.000000000000000	0.000000000000000	0.000000000000000	0.000000000000000	0.000000000000000	0.000000000000000	0.000000000000000	0.000000000000000	0.000000000000000	0.000000000000000	0.000000000000000	0.000000000000000	0.000000000000000	0.000000000000000	0.000000000000000	0.000000000000000	0.000000000000000	0.000000000000000	0.000000000000000	0.000000000000000
-0.479858803986711	-0.199335548172702	-0.0240017011401531	-0.0277938754091078	0.0174433155725107	0.00464057596746162	0.000636633346870015	0.000197219076999485	0.000000000000000	0.000000000000000	0.000000000000000	0.000000000000000	0.000000000000000	0.000000000000000	0.000000000000000	0.000000000000000	0.000000000000000	0.000000000000000	0.000000000000000	0.000000000000000	0.000000000000000	0.000000000000000	0.000000000000000	0.000000000000000	0.000000000000000	0.000000000000000	0.000000000000000	0.000000000000000	0.000000000000000	0.000000000000000	0.000000000000000	0.000000000000000	0.000000000000000	0.000000000000000	0.000000000000000	0.000000000000000	0.000000000000000	0.000000000000000	0.000000000000000	0.000000000000000	0.000000000000000	0.000000000000000	0.000000000000000	0.000000000000000	0.000000000000000	0.000000000000000	0.000000000000000	0.000000000000000	0.000000000000000	0.000000000000000	0.000000000000000	0.000000000000000	0.000000000000000	0.000000000000000	0.000000000000000	0.000000000000000	0.000000000000000	0.000000000000000	0.000000000000000	0.000000000000000	0.000000000000000	0.000000000000000	0.000000000000000	0.000000000000000	0.000000000000000	0.000000000000000	0.000000000000000	0.000000000000000	0.000000000000000	0.000000000000000	0.000000000000000	0.000000000000000	0.000000000000000	0.000000000000000	0.000000000000000	0.000000000000000	0.000000000000000	0.000000000000000	0.000000000000000	0.000000000000000	0.000000000000000	0.000000000000000	0.000000000000000	0.000000000000000	0.000000000000000	0.000000000000000	0.000000000000000	0.000000000000000	0.000000000000000	0.000000000000000	0.000000000000000	0.000000000000000	0.000000000000000	0.000000000000000	0.000000000000000	0.000000000000000	0.000000000000000	0.000000000000000	0.000000000000000	0.000000000000000
Vector Modified Chebushev algorithm ...
0.000000000000000	0.000000000000000	-0.541666666666667	1.00000000000000
0.000000000000000	0.0607638888889263	0.396248339973354	1.00000000000000
-0.0545318725099778	0.109331597911274	-0.448950014250065	1.00000000000000
0.0446973521439413	0.115809228099884	0.402516083970203	1.00000000000000
-0.0558621055925906	0.127270812050238	-0.424180873215030	1.00000000000000
0.0517532697085512	0.129531213237559	0.401303137892746	1.00000000000000
-0.0563714770328316	0.134201933051636	-0.413032111191964	1.00000000000000
0.0541076436337376	0.135334404987984	0.399424814926591	1.00000000000000
-0.0566088359146879	0.137780697229086	-0.406758906789515	1.00000000000000
0.0551737558106050	0.138457500890265	0.397740176963724	1.00000000000000
-0.0567371265413614	0.139937313095932	-0.402754169465463	1.00000000000000
0.0557457917419294	0.140386385510281	0.396339034605826	1.00000000000000
-0.0568139684222543	0.141368852734796	-0.399981523688958	1.00000000000000
0.0560880260775126	0.141688197863629	0.395185180915367	1.00000000000000
-0.0568635309471279	0.142384143455557	-0.397950390870601	1.00000000000000
0.0563089574633478	0.142622712562697	0.394228937132118	1.00000000000000
-0.0568973258318602	0.143139725320328	-0.396399371889017	1.00000000000000
0.0564598344377586	0.143324644346458	0.393427965404185	1.00000000000000
-0.0569213861630458	0.143722948895670	-0.395176706372272	1.00000000000000
0.0565674344898330	0.143870443875434	0.392749393523225	1.00000000000000
-0.0569391167986044	0.144186207859070	-0.394188358047010	1.00000000000000
0.0566468600781865	0.144306572178996	0.392168252894860	1.00000000000000
-0.0569525559043016	0.144562750544317	-0.393373000416690	1.00000000000000
0.0567071558001855	0.144662825674808	0.391665575840538	1.00000000000000
-0.0569629834327548	0.144874652050794	-0.392688954347797	1.00000000000000
0.0567540071983666	0.144959160851846	0.391226835918763	1.00000000000000
-0.0569712357704541	0.145137123065489	-0.392106914343220	1.00000000000000
0.0567911340248242	0.145209430021343	0.390840785151031	1.00000000000000
-0.0569778780630260	0.145360974264049	-0.391605679707608	1.00000000000000
0.0568210529830323	0.145423540577201	0.390498611154892	1.00000000000000
-0.0569833032539245	0.145554093613538	-0.391169537051785	1.00000000000000
0.0568455162107412	0.145608760981489	0.390193329113900	1.00000000000000
-0.0569877913866924	0.145722367791011	-0.390786594680683	1.00000000000000
0.0568657740090225	0.145770541610673	0.389919341077869	1.00000000000000
-0.0569915463906940	0.145870276738235	-0.390447688418997	1.00000000000000
0.0568827379587780	0.145913047975176	0.389672113699044	1.00000000000000
-0.0569947196120294	0.146001288751340	-0.390145642696324	1.00000000000000
0.0568970853660472	0.146039517149549	0.389447940069601	1.00000000000000
-0.0569974252777409	0.146118129860585	-0.389874759323509	1.00000000000000
0.0569093279734837	0.146152502073385	0.389243761744497	1.00000000000000
-0.0569997509046039	0.146222971710786	-0.389630456157041	1.00000000000000
0.0569198582579683	0.146254042744559	0.389057034259330	1.00000000000000
-0.0570017644561518	0.146317565266431	-0.389409006800373	1.00000000000000
0.0569289812976588	0.146345788567684	0.388885624416761	1.00000000000000
-0.0570035193588659	0.146403337693261	-0.389207349867687	1.00000000000000
0.0569369371294397	0.146429087349347	0.388727731027856	1.00000000000000
-0.0570050580791174	0.146481463705411	-0.389022947058087	1.00000000000000
0.0569439167071769	0.146505051068504	0.388581823154905	1.00000000000000
-0.0570064147140757	0.146552918884458	-0.388853676070775	1.00000000000000
0.0569500734716690	0.146574605186723	0.388446591547692	1.00000000000000
-0.0570076168953533	0.146618520060496	-0.388697748779518	1.00000000000000
0.0569555318592102	0.146638526104227	0.388320910123633	1.00000000000000
-0.0570086872060751	0.146678956269157	-0.388553647981122	1.00000000000000
0.0569603936407565	0.146697469953385	0.388203805165567	1.00000000000000
-0.0570096442484594	0.146734812750116	-0.388420077980300	1.00000000000000
0.0569647427015898	0.146751994976820	0.388094430502375	1.00000000000000
-0.0570105034570471	0.146786589743091	-0.388295925605311	1.00000000000000
0.0569686486850384	0.146802579095764	0.387992047366426	1.00000000000000
-0.0570112777245363	0.146834717349197	-0.388180229173834	1.00000000000000
0.0569721697986421	0.146849633831403	0.387896007935951	1.00000000000000
-0.0570119778879908	0.146879567384771	-0.388072153580402	1.00000000000000
0.0569753549957913	0.146893515431823	0.387805741802519	1.00000000000000
-0.0570126131099193	0.146921462913562	-0.387970970141896	1.00000000000000
0.0569782456867803	0.146934533836979	0.387720744776895	1.00000000000000
-0.0570131911794187	0.146960685970285	-0.387876040173968	1.00000000000000
0.0569808770918162	0.146972959955831	0.387640569576745	1.00000000000000
-0.0570137187519842	0.146997483863087	-0.387786801516947	1.00000000000000
0.0569832793191131	0.147009031614668	0.387564818038384	1.00000000000000
-0.0570142015418571	0.147032074350524	-0.387702757411413	1.00000000000000
0.0569854782301178	0.147042958451067	0.387493134570152	1.00000000000000
-0.0570146444773484	0.147064649920468	-0.387623467259009	1.00000000000000
0.0569874961385729	0.147074925965006	0.387425200623118	1.00000000000000
-0.0570150518270643	0.147095381347370	-0.387548538906087	1.00000000000000
0.0569893523789216	0.147105098891622	0.387360729999768	1.00000000000000
-0.0570154273030978	0.147124420665840	-0.387477622165267	1.00000000000000
0.0569910637712256	0.147133624024387	0.387299464856572	1.00000000000000
-0.0570157741458743	0.147151903669161	-0.387410403349296	1.00000000000000
0.0569926450035981	0.147160632590343	0.387241172283717	1.00000000000000
-0.0570160951942666	0.147177952018968	-0.387346600637381	1.00000000000000
0.0569941089484275	0.184817655864586	11.7492412790829	1.00000000000000
-1070.25123086870	2359.25593060902	-23.2185138711557	1.00000000000000
1708370.90879177	11236.3940048237	-19.0550864908800	1.00000000000000
-821881.383932399	-13213.3195027114	34.1733616586824	1.00000000000000
-196690.112568153	884.382201790323	-119.324880371673	1.00000000000000
32041.9991074938	-12803.9124065589	73.6120747433465	1.00000000000000
-142131.448555330	275.211414123295	33.4815359825926	1.00000000000000
1535.54375280067	-111.641615372041	8.26558367878907	1.00000000000000
19.4411947732688	-15.6401639711609	2.54475585594833	1.00000000000000
236.636602476133	-46.3322432170794	-5.99605080803247	1.00000000000000
-63.0177361086241	-39.6290027961751	2.44889501577645	1.00000000000000
0.160203526588233	-19.5073348150089	58.8476894037424	1.00000000000000
1091.77335602291	-3681.20958478866	-62.6699524870060	1.00000000000000
-2506.01313719502	-43.1373618416213	4.87324047780505	1.00000000000000
0.365524878201647	-0.851634632629380	-2.11998456321144	1.00000000000000
3.27409113553270	-7.63550729932502	0.792873890702943	1.00000000000000
6.13403683813398	-3.77737250141199	1.03576075664277	1.00000000000000
-53.6508297815480	54.5301152912315	4.94210965906212	1.00000000000000
-2.93730257540569	-89.5603124235747	1972.88567286354	1.00000000000000
180722.584938919	-3917344.98193616	-1985.55579092167	1.00000000000000
63158.8345584488	7.93066165232356	-4371.99980941443	0.000000000000000