
Date:1/6/2009
Time:16:27:28
Output format: Text
Calculations precision: 16

Initial classic operator matrix and disturb polynomials
0.000000000000000	0.000000000000000	-0.500000000000000	1.00000000000000
0.000000000000000	0.125000000000000	0.169435215946844	1.00000000000000
-0.0836794019933555	0.201150511583757	-0.292884347460491	1.00000000000000
0.0598059456485555	0.171174703988079	0.322328835668531	1.00000000000000
-0.0571506338959868	0.167946319442331	-0.339604650849980	1.00000000000000
0.0575979012339094	0.162032843322225	0.347959620393184	1.00000000000000
-0.0570995531307349	0.160752153014390	-0.354722518106516	1.00000000000000
0.0572529542726108	0.158027307265925	0.358776476006568	1.00000000000000
-0.0570760360952937	0.157394666585812	-0.362333588069730	1.00000000000000
0.0571400326954898	0.155784067212431	0.364761138358455	1.00000000000000
-0.0570637943812263	0.155434056927162	-0.366928417733461	1.00000000000000
0.0570901211350029	0.154351224488334	0.368562396724774	1.00000000000000
-0.0570564359520408	0.154145966979301	-0.370004992090354	1.00000000000000
0.0570640517553932	0.153357416516234	0.371190770667396	1.00000000000000
-0.0570515442375008	0.153234423138721	-0.372209251445765	1.00000000000000
0.0570489026452858	0.152627972554871	0.373116304867648	1.00000000000000
-0.0570480543602404	0.152555215227477	-0.373866036062479	1.00000000000000
0.0570394236910457	0.152069965507874	0.374587452793430	1.00000000000000
-0.0570454337973772	0.152029518817424	-0.375156674889206	1.00000000000000
0.0570331628867145	0.151629419703397	0.375747924014597	1.00000000000000
-0.0570433890108732	0.151610567924460	-0.376190384314823	1.00000000000000
0.0570288541577655	0.151272846187299	0.376686625756485	1.00000000000000
-0.0570417454979812	0.151268848046574	-0.377036881585588	1.00000000000000
0.0570257921955299	0.150978369522886	0.377461512207721	1.00000000000000
-0.0570403931363644	0.150984808493269	-0.377742762092665	1.00000000000000
0.0570235599727834	0.150731097532590	0.378111975004413	1.00000000000000
-0.0570392590072686	0.150744983424001	-0.378340350744625	1.00000000000000
0.0570218987927888	0.150520542101725	0.378665722793451	1.00000000000000
-0.0570382928853570	0.150539794918421	-0.378852776010304	1.00000000000000
0.0570206417107111	0.150339104131611	0.379142812397490	1.00000000000000
-0.0570374590225865	0.150362244099187	-0.379297022658200	1.00000000000000
0.0570196773683688	0.150181143465297	0.379558118729554	1.00000000000000
-0.0570367312614202	0.150207097788843	-0.379685844201717	1.00000000000000
0.0570189293689026	0.150042386264819	0.379922906129569	1.00000000000000
-0.0570360900045486	0.150070364755715	-0.380029002877397	1.00000000000000
0.0570183440190205	0.149919535174920	0.380245860704945	1.00000000000000
-0.0570355202675037	0.149948947968955	-0.380334097755590	1.00000000000000
0.0570178827820141	0.149810005704186	0.380533787697544	1.00000000000000
-0.0570350103879061	0.149840407504933	-0.380607132214706	1.00000000000000
0.0570175174864662	0.149711743599521	0.380792094167999	1.00000000000000
-0.0570345511465457	0.149742795091774	-0.380852911708871	1.00000000000000
0.0570172272016514	0.149623095603997	0.381025130330459	1.00000000000000
-0.0570341351545173	0.149654536247608	-0.381075328224520	1.00000000000000
0.0570169961509471	0.149542716243328	0.381236435575927	1.00000000000000
-0.0570337564167941	0.149574344770315	-0.381277567374237	1.00000000000000
0.0570168122887122	0.149469499446850	0.381428918848343	1.00000000000000
-0.0570334100155585	0.149501159671739	-0.381462261607643	1.00000000000000
0.0570166663111592	0.149402527614127	0.381604992936192	1.00000000000000
-0.0570330918765329	0.149434097971495	-0.381631605213720	1.00000000000000
0.0570165509570723	0.149341033147763	0.381766675852533	1.00000000000000
-0.0570327985939175	0.149372418884662	-0.381787441786168	1.00000000000000
0.0570164605057672	0.149284369033373	0.381915668342405	1.00000000000000
-0.0570325272974242	0.149315496319196	-0.381931331547970	1.00000000000000
0.0570163904115745	0.149231986078685	0.382053413826835	1.00000000000000
-0.0570322755500103	0.149262797517476	-0.382064603745079	1.00000000000000
0.0570163370342949	0.149183415117810	0.382181145256627	1.00000000000000
-0.0570320412683224	0.149213866298242	-0.382188397833994	1.00000000000000
0.0570162974380867	0.149138252961792	0.382299922092977	1.00000000000000
-0.0570318226601520	0.149168309783083	-0.382303696162667	1.00000000000000
0.0570162692397827	0.149096151206865	0.382410659759186	1.00000000000000
-0.0570316181747919	0.149125787790596	-0.382411350125863	1.00000000000000
0.0570162504933488	0.149056807244762	0.382514153292569	1.00000000000000
-0.0570314264632775	0.149086004293067	-0.382512101265803	1.00000000000000
0.0570162396010542	0.149019956985821	0.382611096486326	1.00000000000000
-0.0570312463462828	0.149048700482496	-0.382606598421947	1.00000000000000
0.0570162352445971	0.148985368926042	0.382702097493485	1.00000000000000
-0.0570310767879948	0.149013649103098	-0.382695411766622	1.00000000000000
0.0570162363312736	0.148952839277266	0.382787691632794	1.00000000000000
-0.0570309168747068	0.148980649788442	-0.382779044366694	1.00000000000000
0.0570162419515968	0.148922187944769	0.382868351964712	1.00000000000000
-0.0570307657971541	0.148949525201445	-0.382857941765348	1.00000000000000
0.0570162513456920	0.148893255185148	0.382944498077614	1.00000000000000
-0.0570306228358516	0.148920117820497	-0.382932499968472	1.00000000000000
0.0570162638764867	0.148865898814008	0.383016503427748	1.00000000000000
-0.0570304873488509	0.148892287248964	-0.383003072137086	1.00000000000000
0.0570162790081833	0.148839991860791	0.383084701503176	1.00000000000000
-0.0570303587614611	0.148865907951310	-0.383069974223896	1.00000000000000
0.0570162962888823	0.148815420589421	0.383149391025710	1.00000000000000
-0.0570302365575719	0.148840867338935	-0.383133489743298	1.00000000000000
0.0570163153364741	0.148792082819906	0.383210840361521	1.00000000000000
-0.0570301202722989	0.148817064144327	-0.383193873826317	1.00000000000000
0.0570163358271327	0.148769886498855	0.383269291277328	1.00000000000000
-0.0570300094857127	0.148794407034111	-0.383251356682446	1.00000000000000
0.0570163574858824	0.148748748476908	0.383324962152664	1.00000000000000
-0.0570299038174786	0.148772813420967	-0.383306146567170	1.00000000000000
0.0570163800788311	0.148728593458968	0.383378050737918	1.00000000000000
-0.0570298029222463	0.148752208442143	-0.383358432335554	1.00000000000000
0.0570164034067519	0.148709353099417	0.383428736531319	1.00000000000000
-0.0570297064856765	0.148732524077598	-0.383408385647732	1.00000000000000
0.0570164272997482	0.148690965219482	0.383477182834901	1.00000000000000
-0.0570296142209995	0.148713698386344	-0.383456162880382	1.00000000000000
0.0570164516128162	0.148673373127963	0.383523538538861	1.00000000000000
-0.0570295258660258	0.148695674842717	-0.383501906788923	1.00000000000000
0.0570164762221279	0.148656525029726	0.383567939675268	1.00000000000000
-0.0570294411805395	0.148678401757715	-0.383545747957524	1.00000000000000
0.0570165010219170	0.148640373509035	0.383610510775171	1.00000000000000
-0.0570293599440194	0.148661831772945	-0.383587806067871	1.00000000000000
0.0570165259218522	0.148624875076901	0.383651366057484	1.00000000000000
-0.0570292819536408	0.148645921416771	-0.383628191012568	1.00000000000000
0.0570165508448251	0.148609989773387	0.383690610473510	0.000000000000000
z^(1)+1z^(0)
z^(1)+1z^(0)
Modified moments calculating ...
1.50000000000000	-0.125000000000000	0.0836794019933555	0.000000000000000	0.000000000000000	0.000000000000000	0.000000000000000	0.000000000000000	0.000000000000000	0.000000000000000	0.000000000000000	0.000000000000000	0.000000000000000	0.000000000000000	0.000000000000000	0.000000000000000	0.000000000000000	0.000000000000000	0.000000000000000	0.000000000000000	0.000000000000000	0.000000000000000	0.000000000000000	0.000000000000000	0.000000000000000	0.000000000000000	0.000000000000000	0.000000000000000	0.000000000000000	0.000000000000000	0.000000000000000	0.000000000000000	0.000000000000000	0.000000000000000	0.000000000000000	0.000000000000000	0.000000000000000	0.000000000000000	0.000000000000000	0.000000000000000	0.000000000000000	0.000000000000000	0.000000000000000	0.000000000000000	0.000000000000000	0.000000000000000	0.000000000000000	0.000000000000000	0.000000000000000	0.000000000000000	0.000000000000000	0.000000000000000	0.000000000000000	0.000000000000000	0.000000000000000	0.000000000000000	0.000000000000000	0.000000000000000	0.000000000000000	0.000000000000000	0.000000000000000	0.000000000000000	0.000000000000000	0.000000000000000	0.000000000000000	0.000000000000000	0.000000000000000	0.000000000000000	0.000000000000000	0.000000000000000	0.000000000000000	0.000000000000000	0.000000000000000	0.000000000000000	0.000000000000000	0.000000000000000	0.000000000000000	0.000000000000000	0.000000000000000	0.000000000000000	0.000000000000000	0.000000000000000	0.000000000000000	0.000000000000000	0.000000000000000	0.000000000000000	0.000000000000000	0.000000000000000	0.000000000000000	0.000000000000000	0.000000000000000	0.000000000000000	0.000000000000000	0.000000000000000	0.000000000000000	0.000000000000000	0.000000000000000	0.000000000000000	0.000000000000000	0.000000000000000
1.00000000000000	1.16943521594684	0.201150511583757	0.0598059456485555	0.000000000000000	0.000000000000000	0.000000000000000	0.000000000000000	0.000000000000000	0.000000000000000	0.000000000000000	0.000000000000000	0.000000000000000	0.000000000000000	0.000000000000000	0.000000000000000	0.000000000000000	0.000000000000000	0.000000000000000	0.000000000000000	0.000000000000000	0.000000000000000	0.000000000000000	0.000000000000000	0.000000000000000	0.000000000000000	0.000000000000000	0.000000000000000	0.000000000000000	0.000000000000000	0.000000000000000	0.000000000000000	0.000000000000000	0.000000000000000	0.000000000000000	0.000000000000000	0.000000000000000	0.000000000000000	0.000000000000000	0.000000000000000	0.000000000000000	0.000000000000000	0.000000000000000	0.000000000000000	0.000000000000000	0.000000000000000	0.000000000000000	0.000000000000000	0.000000000000000	0.000000000000000	0.000000000000000	0.000000000000000	0.000000000000000	0.000000000000000	0.000000000000000	0.000000000000000	0.000000000000000	0.000000000000000	0.000000000000000	0.000000000000000	0.000000000000000	0.000000000000000	0.000000000000000	0.000000000000000	0.000000000000000	0.000000000000000	0.000000000000000	0.000000000000000	0.000000000000000	0.000000000000000	0.000000000000000	0.000000000000000	0.000000000000000	0.000000000000000	0.000000000000000	0.000000000000000	0.000000000000000	0.000000000000000	0.000000000000000	0.000000000000000	0.000000000000000	0.000000000000000	0.000000000000000	0.000000000000000	0.000000000000000	0.000000000000000	0.000000000000000	0.000000000000000	0.000000000000000	0.000000000000000	0.000000000000000	0.000000000000000	0.000000000000000	0.000000000000000	0.000000000000000	0.000000000000000	0.000000000000000	0.000000000000000	0.000000000000000	0.000000000000000
Vector Modified Chebushev algorithm ...
0.000000000000000	0.000000000000000	-0.583333333333333	1.00000000000000
0.000000000000000	0.118055555555556	0.368802946593002	1.00000000000000
-0.0979373848987108	0.116324779463431	-0.397988417321244	1.00000000000000
0.0761780027152021	0.163862647728420	0.279884897852731	1.00000000000000
-0.0482504165645549	0.191010304264273	-0.307876654717595	1.00000000000000
0.0549078886517681	0.164602161297730	0.352176772464009	1.00000000000000
-0.0595992214250959	0.156732383033491	-0.357560179047577	1.00000000000000
0.0579518384699457	0.158425230927345	0.355259860087957	1.00000000000000
-0.0566966636802446	0.158991012044617	-0.359693321257806	1.00000000000000
0.0570790093636476	0.156326178356989	0.363591196985447	1.00000000000000
-0.0571501953434913	0.155749483254991	-0.365950822792898	1.00000000000000
0.0571230092839349	0.154691129907097	0.367572188307881	1.00000000000000
-0.0570538380783502	0.154496498651587	-0.369178214092265	1.00000000000000
0.0570710190461668	0.153616216930908	0.370498369541627	1.00000000000000
-0.0570576775022951	0.153474659466414	-0.371612625539044	1.00000000000000
0.0570546473502350	0.152825140437558	0.372586098847543	1.00000000000000
-0.0570506161710168	0.152743472737578	-0.373401174373944	1.00000000000000
0.0570427558742896	0.152225646503947	0.374172263241863	1.00000000000000
-0.0570473293779705	0.152178450963878	-0.374786969226535	1.00000000000000
0.0570353946716062	0.151755146009817	0.375413721336535	1.00000000000000
-0.0570447013404025	0.151731615360751	-0.375889118751274	1.00000000000000
0.0570303780607032	0.151376429755832	0.376412026164633	1.00000000000000
-0.0570427216100155	0.151369075801659	-0.376786800388132	1.00000000000000
0.0570268710428715	0.151065130671442	0.377231939843419	1.00000000000000
-0.0570411427507617	0.151069147058728	-0.377531884145474	1.00000000000000
0.0570243427715397	0.150804795664058	0.377917240332706	1.00000000000000
-0.0570398526927346	0.150816918958693	-0.378160158745412	1.00000000000000
0.0570224787300717	0.150583901522720	0.378498482414292	1.00000000000000
-0.0570387746680764	0.150601868168863	-0.378697044582117	1.00000000000000
0.0570210786356343	0.150394145516107	0.378997644745753	1.00000000000000
-0.0570378580429253	0.150416348349234	-0.379161099083900	1.00000000000000
0.0570200110971823	0.150229395951869	0.379430935382813	1.00000000000000
-0.0570370674258148	0.150254672348225	-0.379566182249592	1.00000000000000
0.0570191871245203	0.150085027658565	0.379810566762214	1.00000000000000
-0.0570363773419173	0.150112522975648	-0.379922853020211	1.00000000000000
0.0570185448698027	0.149957486952886	0.380145913903023	1.00000000000000
-0.0570357689272803	0.149986564371316	-0.380239295742708	1.00000000000000
0.0570180403673597	0.149843998892326	0.380444292241313	1.00000000000000
-0.0570352278843313	0.149874178433259	-0.380521951478889	1.00000000000000
0.0570176417439686	0.149742365394267	0.380711493112866	1.00000000000000
-0.0570347431569087	0.149773281805826	-0.380775958227685	1.00000000000000
0.0570173254907167	0.149650822978780	0.380952160570061	1.00000000000000
-0.0570343060460344	0.149682196107527	-0.381005464259478	1.00000000000000
0.0570170740012347	0.149567940578466	0.381170061761489	1.00000000000000
-0.0570339096031334	0.149599554176122	-0.381213855249837	1.00000000000000
0.0570168739092488	0.149492544853874	0.381368284349698	1.00000000000000
-0.0570335482035489	0.149524231190522	-0.381403921650934	1.00000000000000
0.0570167149432533	0.149423664756509	0.381549382934264	1.00000000000000
-0.0570332172403543	0.149455293298715	-0.381577983865098	1.00000000000000
0.0570165891231461	0.149360489795895	0.381715489204346	1.00000000000000
-0.0570329129003468	0.149391958774341	-0.381737987125704	1.00000000000000
0.0570164901875346	0.149302338218229	0.381868395881119	1.00000000000000
-0.0570326319973934	0.149333568278082	-0.381885574302282	1.00000000000000
0.0570164131794290	0.149248632457136	0.382009621444366	1.00000000000000
-0.0570323718465538	0.149279561828775	-0.382022142395651	1.00000000000000
0.0570163541424837	0.149198879990291	0.382140460583801	1.00000000000000
-0.0570321301677032	0.149229460782846	-0.382148886830350	1.00000000000000
0.0570163098955457	0.149152658263353	0.382262023916007	1.00000000000000
-0.0570319050108216	0.149182853596311	-0.382266836511116	1.00000000000000
0.0570162778634329	0.149109602708212	0.382375269538914	1.00000000000000
-0.0570316946974279	0.149139384474752	-0.382376881813803	1.00000000000000
0.0570162559485996	0.149069397139647	0.382481028315077	1.00000000000000
-0.0570314977741927	0.149098744250471	-0.382479797117348	1.00000000000000
0.0570162424328700	0.149031765997612	0.382580024290447	1.00000000000000
-0.0570313129758508	0.149060662993313	-0.382576259079239	1.00000000000000
0.0570162359015326	0.148996468034432	0.382672891306088	1.00000000000000
-0.0570311391952892	0.149024903982733	-0.382666861563506	1.00000000000000
0.0570162351842181	0.148963291142631	0.382760186605580	1.00000000000000
-0.0570309754592319	0.148991258757396	-0.382752127915101	1.00000000000000
0.0570162393085009	0.148932048090100	0.382842402053115	1.00000000000000
-0.0570308209083197	0.148959543024142	-0.382832521114870	1.00000000000000
0.0570162474632197	0.148902572982319	0.382919973437625	1.00000000000000
-0.0570306747806858	0.148929593257281	-0.382908452229977	1.00000000000000
0.0570162589692940	0.148874718311116	0.382993288233134	1.00000000000000
-0.0570305363983191	0.148901263856041	-0.382980287484319	1.00000000000000
0.0570162732563524	0.148848352479633	0.383062692106061	1.00000000000000
-0.0570304051556826	0.148874424756208	-0.383048354204805	1.00000000000000
0.0570162898439171	0.148823357716257	0.383128494399035	1.00000000000000
-0.0570302805101400	0.148848959413590	-0.383112945846379	1.00000000000000
0.0570163083261151	0.148799628308030	0.383190972775035	1.00000000000000
0.844553934272524	-2.08005139570208	-111.156728794994	1.00000000000000
-9226.73110592232	174236.239638211	79.2387088457330	1.00000000000000
28164329.0191949	-176951.068900475	6.80802377430549	1.00000000000000
-7054282.55665023	-4249.80562012327	1.09877846129389	1.00000000000000
77184.8566064646	-1893.16429477943	31.0525229581920	1.00000000000000
-997.994971109733	-593.846681281666	-1.70271155804878	1.00000000000000
2000.75634545173	-198.569424765021	-16.3997233601091	1.00000000000000
-1054.40589308043	-81.0140017385172	-11.3244337187855	1.00000000000000
-206.816778086374	-350.240307293570	17.6048803703108	1.00000000000000
-371.076074358950	5.61399551080862	-1.51765993138105	1.00000000000000
5.36376755991242	-49.2160950122981	-18.0325577019300	1.00000000000000
-1093.88676172692	-418.638720208043	23.1223453404814	1.00000000000000
293.128891012279	-11.6519618763644	-1.02267662300845	1.00000000000000
0.0989004455496143	-9.16037495064929	3.22749436128166	1.00000000000000
18.1656674944992	-14.8082693557750	-2.69028443068405	1.00000000000000
-18.0200418014123	-2.65873227189955	-0.426907001654155	1.00000000000000
-83.0795087217607	35.9245469435885	-14.5713691466686	1.00000000000000
289.832268344133	-563.281210742283	235.719873884174	1.00000000000000
118116.675612414	-48506.0063481003	-206.198529299627	1.00000000000000
-40688.1555501886	-192.256200553570	-9.14129859407024	0.000000000000000