
Date:1/6/2009
Time:16:20:12
Output format: Text
Calculations precision: 16

Initial classic operator matrix and disturb polynomials
0.000000000000000	0.000000000000000	-0.500000000000000	1.00000000000000
0.000000000000000	0.125000000000000	0.169435215946844	1.00000000000000
-0.0836794019933555	0.201150511583757	-0.292884347460491	1.00000000000000
0.0598059456485555	0.171174703988079	0.322328835668531	1.00000000000000
-0.0571506338959868	0.167946319442331	-0.339604650849980	1.00000000000000
0.0575979012339094	0.162032843322225	0.347959620393184	1.00000000000000
-0.0570995531307349	0.160752153014390	-0.354722518106516	1.00000000000000
0.0572529542726108	0.158027307265925	0.358776476006568	1.00000000000000
-0.0570760360952937	0.157394666585812	-0.362333588069730	1.00000000000000
0.0571400326954898	0.155784067212431	0.364761138358455	1.00000000000000
-0.0570637943812263	0.155434056927162	-0.366928417733461	1.00000000000000
0.0570901211350029	0.154351224488334	0.368562396724774	1.00000000000000
-0.0570564359520408	0.154145966979301	-0.370004992090354	1.00000000000000
0.0570640517553932	0.153357416516234	0.371190770667396	1.00000000000000
-0.0570515442375008	0.153234423138721	-0.372209251445765	1.00000000000000
0.0570489026452858	0.152627972554871	0.373116304867648	1.00000000000000
-0.0570480543602404	0.152555215227477	-0.373866036062479	1.00000000000000
0.0570394236910457	0.152069965507874	0.374587452793430	1.00000000000000
-0.0570454337973772	0.152029518817424	-0.375156674889206	1.00000000000000
0.0570331628867145	0.151629419703397	0.375747924014597	1.00000000000000
-0.0570433890108732	0.151610567924460	-0.376190384314823	1.00000000000000
0.0570288541577655	0.151272846187299	0.376686625756485	1.00000000000000
-0.0570417454979812	0.151268848046574	-0.377036881585588	1.00000000000000
0.0570257921955299	0.150978369522886	0.377461512207721	1.00000000000000
-0.0570403931363644	0.150984808493269	-0.377742762092665	1.00000000000000
0.0570235599727834	0.150731097532590	0.378111975004413	1.00000000000000
-0.0570392590072686	0.150744983424001	-0.378340350744625	1.00000000000000
0.0570218987927888	0.150520542101725	0.378665722793451	1.00000000000000
-0.0570382928853570	0.150539794918421	-0.378852776010304	1.00000000000000
0.0570206417107111	0.150339104131611	0.379142812397490	1.00000000000000
-0.0570374590225865	0.150362244099187	-0.379297022658200	1.00000000000000
0.0570196773683688	0.150181143465297	0.379558118729554	1.00000000000000
-0.0570367312614202	0.150207097788843	-0.379685844201717	1.00000000000000
0.0570189293689026	0.150042386264819	0.379922906129569	1.00000000000000
-0.0570360900045486	0.150070364755715	-0.380029002877397	1.00000000000000
0.0570183440190205	0.149919535174920	0.380245860704945	1.00000000000000
-0.0570355202675037	0.149948947968955	-0.380334097755590	1.00000000000000
0.0570178827820141	0.149810005704186	0.380533787697544	1.00000000000000
-0.0570350103879061	0.149840407504933	-0.380607132214706	1.00000000000000
0.0570175174864662	0.149711743599521	0.380792094167999	1.00000000000000
-0.0570345511465457	0.149742795091774	-0.380852911708871	1.00000000000000
0.0570172272016514	0.149623095603997	0.381025130330459	1.00000000000000
-0.0570341351545173	0.149654536247608	-0.381075328224520	1.00000000000000
0.0570169961509471	0.149542716243328	0.381236435575927	1.00000000000000
-0.0570337564167941	0.149574344770315	-0.381277567374237	1.00000000000000
0.0570168122887122	0.149469499446850	0.381428918848343	1.00000000000000
-0.0570334100155585	0.149501159671739	-0.381462261607643	1.00000000000000
0.0570166663111592	0.149402527614127	0.381604992936192	1.00000000000000
-0.0570330918765329	0.149434097971495	-0.381631605213720	1.00000000000000
0.0570165509570723	0.149341033147763	0.381766675852533	1.00000000000000
-0.0570327985939175	0.149372418884662	-0.381787441786168	1.00000000000000
0.0570164605057672	0.149284369033373	0.381915668342405	1.00000000000000
-0.0570325272974242	0.149315496319196	-0.381931331547970	1.00000000000000
0.0570163904115745	0.149231986078685	0.382053413826835	1.00000000000000
-0.0570322755500103	0.149262797517476	-0.382064603745079	1.00000000000000
0.0570163370342949	0.149183415117810	0.382181145256627	1.00000000000000
-0.0570320412683224	0.149213866298242	-0.382188397833994	1.00000000000000
0.0570162974380867	0.149138252961792	0.382299922092977	1.00000000000000
-0.0570318226601520	0.149168309783083	-0.382303696162667	1.00000000000000
0.0570162692397827	0.149096151206865	0.382410659759186	1.00000000000000
-0.0570316181747919	0.149125787790596	-0.382411350125863	1.00000000000000
0.0570162504933488	0.149056807244762	0.382514153292569	1.00000000000000
-0.0570314264632775	0.149086004293067	-0.382512101265803	1.00000000000000
0.0570162396010542	0.149019956985821	0.382611096486326	1.00000000000000
-0.0570312463462828	0.149048700482496	-0.382606598421947	1.00000000000000
0.0570162352445971	0.148985368926042	0.382702097493485	1.00000000000000
-0.0570310767879948	0.149013649103098	-0.382695411766622	1.00000000000000
0.0570162363312736	0.148952839277266	0.382787691632794	1.00000000000000
-0.0570309168747068	0.148980649788442	-0.382779044366694	1.00000000000000
0.0570162419515968	0.148922187944769	0.382868351964712	1.00000000000000
-0.0570307657971541	0.148949525201445	-0.382857941765348	1.00000000000000
0.0570162513456920	0.148893255185148	0.382944498077614	1.00000000000000
-0.0570306228358516	0.148920117820497	-0.382932499968472	1.00000000000000
0.0570162638764867	0.148865898814008	0.383016503427748	1.00000000000000
-0.0570304873488509	0.148892287248964	-0.383003072137086	1.00000000000000
0.0570162790081833	0.148839991860791	0.383084701503176	1.00000000000000
-0.0570303587614611	0.148865907951310	-0.383069974223896	1.00000000000000
0.0570162962888823	0.148815420589421	0.383149391025710	1.00000000000000
-0.0570302365575719	0.148840867338935	-0.383133489743298	1.00000000000000
0.0570163153364741	0.148792082819906	0.383210840361521	1.00000000000000
-0.0570301202722989	0.148817064144327	-0.383193873826317	1.00000000000000
0.0570163358271327	0.148769886498855	0.383269291277328	1.00000000000000
-0.0570300094857127	0.148794407034111	-0.383251356682446	1.00000000000000
0.0570163574858824	0.148748748476908	0.383324962152664	1.00000000000000
-0.0570299038174786	0.148772813420967	-0.383306146567170	1.00000000000000
0.0570163800788311	0.148728593458968	0.383378050737918	1.00000000000000
-0.0570298029222463	0.148752208442143	-0.383358432335554	1.00000000000000
0.0570164034067519	0.148709353099417	0.383428736531319	1.00000000000000
-0.0570297064856765	0.148732524077598	-0.383408385647732	1.00000000000000
0.0570164272997482	0.148690965219482	0.383477182834901	1.00000000000000
-0.0570296142209995	0.148713698386344	-0.383456162880382	1.00000000000000
0.0570164516128162	0.148673373127963	0.383523538538861	1.00000000000000
-0.0570295258660258	0.148695674842717	-0.383501906788923	1.00000000000000
0.0570164762221279	0.148656525029726	0.383567939675268	1.00000000000000
-0.0570294411805395	0.148678401757715	-0.383545747957524	1.00000000000000
0.0570165010219170	0.148640373509035	0.383610510775171	1.00000000000000
-0.0570293599440194	0.148661831772945	-0.383587806067871	1.00000000000000
0.0570165259218522	0.148624875076901	0.383651366057484	1.00000000000000
-0.0570292819536408	0.148645921416771	-0.383628191012568	1.00000000000000
0.0570165508448251	0.148609989773387	0.383690610473510	0.000000000000000
z^(1)-0.5z^(0)
z^(1)-0.5z^(0)
Modified moments calculating ...
-1.00000000000000	0.125000000000000	-0.0836794019933555	0.000000000000000	0.000000000000000	0.000000000000000	0.000000000000000	0.000000000000000	0.000000000000000	0.000000000000000	0.000000000000000	0.000000000000000	0.000000000000000	0.000000000000000	0.000000000000000	0.000000000000000	0.000000000000000	0.000000000000000	0.000000000000000	0.000000000000000	0.000000000000000	0.000000000000000	0.000000000000000	0.000000000000000	0.000000000000000	0.000000000000000	0.000000000000000	0.000000000000000	0.000000000000000	0.000000000000000	0.000000000000000	0.000000000000000	0.000000000000000	0.000000000000000	0.000000000000000	0.000000000000000	0.000000000000000	0.000000000000000	0.000000000000000	0.000000000000000	0.000000000000000	0.000000000000000	0.000000000000000	0.000000000000000	0.000000000000000	0.000000000000000	0.000000000000000	0.000000000000000	0.000000000000000	0.000000000000000	0.000000000000000	0.000000000000000	0.000000000000000	0.000000000000000	0.000000000000000	0.000000000000000	0.000000000000000	0.000000000000000	0.000000000000000	0.000000000000000	0.000000000000000	0.000000000000000	0.000000000000000	0.000000000000000	0.000000000000000	0.000000000000000	0.000000000000000	0.000000000000000	0.000000000000000	0.000000000000000	0.000000000000000	0.000000000000000	0.000000000000000	0.000000000000000	0.000000000000000	0.000000000000000	0.000000000000000	0.000000000000000	0.000000000000000	0.000000000000000	0.000000000000000	0.000000000000000	0.000000000000000	0.000000000000000	0.000000000000000	0.000000000000000	0.000000000000000	0.000000000000000	0.000000000000000	0.000000000000000	0.000000000000000	0.000000000000000	0.000000000000000	0.000000000000000	0.000000000000000	0.000000000000000	0.000000000000000	0.000000000000000	0.000000000000000	0.000000000000000
1.00000000000000	-0.330564784053156	0.201150511583757	0.0598059456485555	0.000000000000000	0.000000000000000	0.000000000000000	0.000000000000000	0.000000000000000	0.000000000000000	0.000000000000000	0.000000000000000	0.000000000000000	0.000000000000000	0.000000000000000	0.000000000000000	0.000000000000000	0.000000000000000	0.000000000000000	0.000000000000000	0.000000000000000	0.000000000000000	0.000000000000000	0.000000000000000	0.000000000000000	0.000000000000000	0.000000000000000	0.000000000000000	0.000000000000000	0.000000000000000	0.000000000000000	0.000000000000000	0.000000000000000	0.000000000000000	0.000000000000000	0.000000000000000	0.000000000000000	0.000000000000000	0.000000000000000	0.000000000000000	0.000000000000000	0.000000000000000	0.000000000000000	0.000000000000000	0.000000000000000	0.000000000000000	0.000000000000000	0.000000000000000	0.000000000000000	0.000000000000000	0.000000000000000	0.000000000000000	0.000000000000000	0.000000000000000	0.000000000000000	0.000000000000000	0.000000000000000	0.000000000000000	0.000000000000000	0.000000000000000	0.000000000000000	0.000000000000000	0.000000000000000	0.000000000000000	0.000000000000000	0.000000000000000	0.000000000000000	0.000000000000000	0.000000000000000	0.000000000000000	0.000000000000000	0.000000000000000	0.000000000000000	0.000000000000000	0.000000000000000	0.000000000000000	0.000000000000000	0.000000000000000	0.000000000000000	0.000000000000000	0.000000000000000	0.000000000000000	0.000000000000000	0.000000000000000	0.000000000000000	0.000000000000000	0.000000000000000	0.000000000000000	0.000000000000000	0.000000000000000	0.000000000000000	0.000000000000000	0.000000000000000	0.000000000000000	0.000000000000000	0.000000000000000	0.000000000000000	0.000000000000000	0.000000000000000	0.000000000000000
Vector Modified Chebushev algorithm ...
0.000000000000000	0.000000000000000	-0.625000000000000	1.00000000000000
0.000000000000000	0.109375000000000	-0.277020202020200	1.00000000000000
-0.0185290404040405	-0.164398020610412	-1.80837162080895	1.00000000000000
-0.555473495604261	-3.72644103939027	2.36205304660061	1.00000000000000
-0.204514252208033	0.0675827459381367	-0.458801705145457	1.00000000000000
0.000433662132578676	0.0696680104617202	6.68417944522097	1.00000000000000
-0.506189225223456	-39.3571843922053	-5.98004259703794	1.00000000000000
-2.73101705070733	-0.365231785382341	-0.403394380659375	1.00000000000000
-0.00523791753809383	0.0570010200538719	-0.515569476782533	1.00000000000000
-0.0196395228784008	0.00109906737361906	1.01960068623006	1.00000000000000
-0.101872207440322	-0.0845126245578346	-0.574483526803585	1.00000000000000
-0.0503356849112747	0.0337098783864617	-0.211015917973923	1.00000000000000
-0.0181845873188946	-0.0900370679782166	-1.03358749279457	1.00000000000000
-0.285043489741082	-1.05558182665726	1.53576520856596	1.00000000000000
-0.135320393034729	0.0568962110617756	-0.482247684128658	1.00000000000000
-0.000803572536964480	0.0672149958648358	-5.46379276660729	1.00000000000000
0.332806201146133	-34.0951225516594	6.37394245382194	1.00000000000000
3.60495071357391	-0.749219121033854	-0.600738077848813	1.00000000000000
0.00785063815989607	0.0616906391190968	-0.503922523484844	1.00000000000000
-0.0111840038656283	0.0263200607825540	1.06718599112284	1.00000000000000
-0.103080877229284	-0.172453871124227	-0.632673899059992	1.00000000000000
-0.0795663196469944	0.0124540532393420	-0.172394164137479	1.00000000000000
-0.0206739202563623	-0.0336252562360816	-0.780581081410733	1.00000000000000
-0.158027904666585	-0.451980228031827	1.23811863964278	1.00000000000000
-0.114126052722293	0.0470420708612569	-0.491030105891388	1.00000000000000
-0.00375490888500216	0.0658140782587492	-1.46290891359742	1.00000000000000
0.0647145940586799	-3.22649575170961	2.87368105967362	1.00000000000000
1.80039901162810	-1.99981731305320	-1.09764053741539	1.00000000000000
0.0405247567652601	0.0649268461820948	-0.494620246794330	1.00000000000000
-0.00532287165726571	0.0423869709269648	1.17324481232192	1.00000000000000
-0.109512739220198	-0.341735270980556	-0.726555762142326	1.00000000000000
-0.130189922515591	-0.0187272685042093	-0.164590301223457	1.00000000000000
-0.0211608035172001	0.00245413218691222	-0.660511084326041	1.00000000000000
-0.0945640715181290	-0.218402975219507	1.09556904427439	1.00000000000000
-0.104262736292552	0.0332232954015578	-0.501496989568518	1.00000000000000
-0.00874553510055342	0.0625883238367505	-0.725960628900272	1.00000000000000
0.0158306028603685	-1.02783870152686	4.03606877876709	1.00000000000000
2.44674077331560	-11.2935537497430	-2.99621271290402	1.00000000000000
0.165397523948404	0.0661716839355774	-0.488641075110095	1.00000000000000
-0.00161783188398107	0.0530481558471626	1.38638201820438	1.00000000000000
-0.123253750651516	-0.727568348792302	-0.905778467836917	1.00000000000000
-0.227858817965657	-0.0678175407513519	-0.184904289322500	1.00000000000000
-0.0198106828859433	0.0261234931875528	-0.593703865820579	1.00000000000000
-0.0585335238492871	-0.104219357260526	1.02457453645276	1.00000000000000
-0.0993745613364768	0.0129743229804478	-0.516239969779947	1.00000000000000
-0.0164314764333452	0.0569480834502459	-0.432667107300976	1.00000000000000
-0.00352361837793246	-0.450345568007415	-9.97999489857047	1.00000000000000
-5.16519321605041	-106.378393119513	10.7249996307348	1.00000000000000
-0.737077742863455	0.0653865857774508	-0.485598074244186	1.00000000000000
0.000331333854730216	0.0599692613783891	1.87555139509416	1.00000000000000
-0.155203292035507	-1.93858432631362	-1.33190320604530	1.00000000000000
-0.460770260192393	-0.150869206115867	-0.238723992452695	1.00000000000000
-0.0162696585021722	0.0420047509133746	-0.552981154472844	1.00000000000000
-0.0363264731458755	-0.0403286839308404	0.997295835209627	1.00000000000000
-0.0974563254707102	-0.0175822685745335	-0.537745339966647	1.00000000000000
-0.0279897163564005	0.0481797379255874	-0.285695669595514	1.00000000000000
-0.0131915137230097	-0.219711407618504	-1.87087012947705	1.00000000000000
-0.755837523401300	-4.02748678358324	2.46500340770741	1.00000000000000
-0.193790962092925	0.0624421238090380	-0.485229663031011	1.00000000000000
0.000731651194586080	0.0640527714050083	3.68827762873786	1.00000000000000
-0.274009484033203	-10.5767426750968	-3.03405998569457	1.00000000000000
-1.39224338822998	-0.306937284563202	-0.343197427763222	1.00000000000000
-0.00941410476387396	0.0526968909540398	-0.526774054411434	1.00000000000000
-0.0219297430575865	-0.00137048791012150	1.00497629529365	1.00000000000000
-0.0978765279120899	-0.0657916011830904	-0.570038507666848	1.00000000000000
-0.0455660499047292	0.0351184120290988	-0.206962124952207	1.00000000000000
-0.0183594449609907	-0.105650265902205	-1.07288998080445	1.00000000000000
-0.320807171343136	-1.15389842943971	1.58161824702634	1.00000000000000
-0.135680546524139	0.0570031366865320	-0.487517494736795	1.00000000000000
-0.000378769524789075	0.0657780422872224	-11.1371109175618	1.00000000000000
0.698390632233483	-132.884077053443	11.9957183252437	1.00000000000000
6.83697045858516	-0.653473742752465	-0.543884912771040	1.00000000000000
0.00374005635888007	0.0596956332560986	-0.509453156483352	1.00000000000000
-0.0123603947879314	0.0237386538719138	1.04985718299900	1.00000000000000
-0.100758147767979	-0.147180715667749	-0.620736567967875	1.00000000000000
-0.0733226809897073	0.0157658721742495	-0.168379506114937	1.00000000000000
-0.0208874265624987	-0.0414891744530246	-0.800360694271078	1.00000000000000
-0.171849601103131	-0.489152338583250	1.26016169445475	1.00000000000000
-0.114527810068155	0.0484296489426188	-0.492719433790220	1.00000000000000
-0.00312746411942589	0.0653392850499299	-1.70881637641535	1.00000000000000
1.61371454577052	29.9110873963366	-86.1448624492169	1.00000000000000
290779.298876375	130837.019423544	68.7571867996414	1.00000000000000
16207295.3644449	-130623.213789085	-12.6755827023673	1.00000000000000
-6803665.49393285	-4766.21192569314	12.1963634441610	1.00000000000000
103923.471617475	-1756.20059614302	33.5270837044274	1.00000000000000
-10875.9989719790	-438.995677398309	-11.4662098333475	1.00000000000000
-3429.57936260116	-68.9968101455404	3.96559780846100	1.00000000000000
-18.5132355743129	-27.8562738973604	13.9278596287033	1.00000000000000
8.21549016798908	-250.665216841098	-7.10864715705267	1.00000000000000
2341.83686860923	91.4016140258560	-9.17372398648563	1.00000000000000
-242.367438393296	-14.6041261156841	-0.959370985247727	1.00000000000000
12.2783670119703	-12.8829746351052	0.310889420168090	1.00000000000000
5.54503682005483	-5.22979219055525	-0.0552022142652239	1.00000000000000
0.797390042497256	-6.75968779511311	0.503411860500752	1.00000000000000
19.3972590936860	-7.14562257874003	-8.05509594844086	1.00000000000000
-17.5915451461711	65.7866529996242	-111.972503656414	1.00000000000000
10618.2295896136	-15551.2439619949	134.488965692867	1.00000000000000
-9255.99894619721	112.500540787664	-4.41521023059102	1.00000000000000
-55.1866520576066	-171.541398876547	-131.134593137765	1.00000000000000
-24166.0950389278	-17161.9250769464	131.922024747229	0.000000000000000