
Date:1/6/2009
Time:16:2:22
Output format: Text
Calculations precision: 16

Initial classic operator matrix and disturb polynomials
0.000000000000000	0.000000000000000	-0.500000000000000	1.00000000000000
0.000000000000000	0.125000000000000	0.169435215946844	1.00000000000000
-0.0836794019933555	0.201150511583757	-0.292884347460491	1.00000000000000
0.0598059456485555	0.171174703988079	0.322328835668531	1.00000000000000
-0.0571506338959868	0.167946319442331	-0.339604650849980	1.00000000000000
0.0575979012339094	0.162032843322225	0.347959620393184	1.00000000000000
-0.0570995531307349	0.160752153014390	-0.354722518106516	1.00000000000000
0.0572529542726108	0.158027307265925	0.358776476006568	1.00000000000000
-0.0570760360952937	0.157394666585812	-0.362333588069730	1.00000000000000
0.0571400326954898	0.155784067212431	0.364761138358455	1.00000000000000
-0.0570637943812263	0.155434056927162	-0.366928417733461	1.00000000000000
0.0570901211350029	0.154351224488334	0.368562396724774	1.00000000000000
-0.0570564359520408	0.154145966979301	-0.370004992090354	1.00000000000000
0.0570640517553932	0.153357416516234	0.371190770667396	1.00000000000000
-0.0570515442375008	0.153234423138721	-0.372209251445765	1.00000000000000
0.0570489026452858	0.152627972554871	0.373116304867648	1.00000000000000
-0.0570480543602404	0.152555215227477	-0.373866036062479	1.00000000000000
0.0570394236910457	0.152069965507874	0.374587452793430	1.00000000000000
-0.0570454337973772	0.152029518817424	-0.375156674889206	1.00000000000000
0.0570331628867145	0.151629419703397	0.375747924014597	1.00000000000000
-0.0570433890108732	0.151610567924460	-0.376190384314823	1.00000000000000
0.0570288541577655	0.151272846187299	0.376686625756485	1.00000000000000
-0.0570417454979812	0.151268848046574	-0.377036881585588	1.00000000000000
0.0570257921955299	0.150978369522886	0.377461512207721	1.00000000000000
-0.0570403931363644	0.150984808493269	-0.377742762092665	1.00000000000000
0.0570235599727834	0.150731097532590	0.378111975004413	1.00000000000000
-0.0570392590072686	0.150744983424001	-0.378340350744625	1.00000000000000
0.0570218987927888	0.150520542101725	0.378665722793451	1.00000000000000
-0.0570382928853570	0.150539794918421	-0.378852776010304	1.00000000000000
0.0570206417107111	0.150339104131611	0.379142812397490	1.00000000000000
-0.0570374590225865	0.150362244099187	-0.379297022658200	1.00000000000000
0.0570196773683688	0.150181143465297	0.379558118729554	1.00000000000000
-0.0570367312614202	0.150207097788843	-0.379685844201717	1.00000000000000
0.0570189293689026	0.150042386264819	0.379922906129569	1.00000000000000
-0.0570360900045486	0.150070364755715	-0.380029002877397	1.00000000000000
0.0570183440190205	0.149919535174920	0.380245860704945	1.00000000000000
-0.0570355202675037	0.149948947968955	-0.380334097755590	1.00000000000000
0.0570178827820141	0.149810005704186	0.380533787697544	1.00000000000000
-0.0570350103879061	0.149840407504933	-0.380607132214706	1.00000000000000
0.0570175174864662	0.149711743599521	0.380792094167999	1.00000000000000
-0.0570345511465457	0.149742795091774	-0.380852911708871	1.00000000000000
0.0570172272016514	0.149623095603997	0.381025130330459	1.00000000000000
-0.0570341351545173	0.149654536247608	-0.381075328224520	1.00000000000000
0.0570169961509471	0.149542716243328	0.381236435575927	1.00000000000000
-0.0570337564167941	0.149574344770315	-0.381277567374237	1.00000000000000
0.0570168122887122	0.149469499446850	0.381428918848343	1.00000000000000
-0.0570334100155585	0.149501159671739	-0.381462261607643	1.00000000000000
0.0570166663111592	0.149402527614127	0.381604992936192	1.00000000000000
-0.0570330918765329	0.149434097971495	-0.381631605213720	1.00000000000000
0.0570165509570723	0.149341033147763	0.381766675852533	1.00000000000000
-0.0570327985939175	0.149372418884662	-0.381787441786168	1.00000000000000
0.0570164605057672	0.149284369033373	0.381915668342405	1.00000000000000
-0.0570325272974242	0.149315496319196	-0.381931331547970	1.00000000000000
0.0570163904115745	0.149231986078685	0.382053413826835	1.00000000000000
-0.0570322755500103	0.149262797517476	-0.382064603745079	1.00000000000000
0.0570163370342949	0.149183415117810	0.382181145256627	1.00000000000000
-0.0570320412683224	0.149213866298242	-0.382188397833994	1.00000000000000
0.0570162974380867	0.149138252961792	0.382299922092977	1.00000000000000
-0.0570318226601520	0.149168309783083	-0.382303696162667	1.00000000000000
0.0570162692397827	0.149096151206865	0.382410659759186	1.00000000000000
-0.0570316181747919	0.149125787790596	-0.382411350125863	1.00000000000000
0.0570162504933488	0.149056807244762	0.382514153292569	1.00000000000000
-0.0570314264632775	0.149086004293067	-0.382512101265803	1.00000000000000
0.0570162396010542	0.149019956985821	0.382611096486326	1.00000000000000
-0.0570312463462828	0.149048700482496	-0.382606598421947	1.00000000000000
0.0570162352445971	0.148985368926042	0.382702097493485	1.00000000000000
-0.0570310767879948	0.149013649103098	-0.382695411766622	1.00000000000000
0.0570162363312736	0.148952839277266	0.382787691632794	1.00000000000000
-0.0570309168747068	0.148980649788442	-0.382779044366694	1.00000000000000
0.0570162419515968	0.148922187944769	0.382868351964712	1.00000000000000
-0.0570307657971541	0.148949525201445	-0.382857941765348	1.00000000000000
0.0570162513456920	0.148893255185148	0.382944498077614	1.00000000000000
-0.0570306228358516	0.148920117820497	-0.382932499968472	1.00000000000000
0.0570162638764867	0.148865898814008	0.383016503427748	1.00000000000000
-0.0570304873488509	0.148892287248964	-0.383003072137086	1.00000000000000
0.0570162790081833	0.148839991860791	0.383084701503176	1.00000000000000
-0.0570303587614611	0.148865907951310	-0.383069974223896	1.00000000000000
0.0570162962888823	0.148815420589421	0.383149391025710	1.00000000000000
-0.0570302365575719	0.148840867338935	-0.383133489743298	1.00000000000000
0.0570163153364741	0.148792082819906	0.383210840361521	1.00000000000000
-0.0570301202722989	0.148817064144327	-0.383193873826317	1.00000000000000
0.0570163358271327	0.148769886498855	0.383269291277328	1.00000000000000
-0.0570300094857127	0.148794407034111	-0.383251356682446	1.00000000000000
0.0570163574858824	0.148748748476908	0.383324962152664	1.00000000000000
-0.0570299038174786	0.148772813420967	-0.383306146567170	1.00000000000000
0.0570163800788311	0.148728593458968	0.383378050737918	1.00000000000000
-0.0570298029222463	0.148752208442143	-0.383358432335554	1.00000000000000
0.0570164034067519	0.148709353099417	0.383428736531319	1.00000000000000
-0.0570297064856765	0.148732524077598	-0.383408385647732	1.00000000000000
0.0570164272997482	0.148690965219482	0.383477182834901	1.00000000000000
-0.0570296142209995	0.148713698386344	-0.383456162880382	1.00000000000000
0.0570164516128162	0.148673373127963	0.383523538538861	1.00000000000000
-0.0570295258660258	0.148695674842717	-0.383501906788923	1.00000000000000
0.0570164762221279	0.148656525029726	0.383567939675268	1.00000000000000
-0.0570294411805395	0.148678401757715	-0.383545747957524	1.00000000000000
0.0570165010219170	0.148640373509035	0.383610510775171	1.00000000000000
-0.0570293599440194	0.148661831772945	-0.383587806067871	1.00000000000000
0.0570165259218522	0.148624875076901	0.383651366057484	1.00000000000000
-0.0570292819536408	0.148645921416771	-0.383628191012568	1.00000000000000
0.0570165508448251	0.148609989773387	0.383690610473510	0.000000000000000
z^(1)
z^(1)
Modified moments calculating ...
0.500000000000000	-0.125000000000000	0.0836794019933555	0.000000000000000	0.000000000000000	0.000000000000000	0.000000000000000	0.000000000000000	0.000000000000000	0.000000000000000	0.000000000000000	0.000000000000000	0.000000000000000	0.000000000000000	0.000000000000000	0.000000000000000	0.000000000000000	0.000000000000000	0.000000000000000	0.000000000000000	0.000000000000000	0.000000000000000	0.000000000000000	0.000000000000000	0.000000000000000	0.000000000000000	0.000000000000000	0.000000000000000	0.000000000000000	0.000000000000000	0.000000000000000	0.000000000000000	0.000000000000000	0.000000000000000	0.000000000000000	0.000000000000000	0.000000000000000	0.000000000000000	0.000000000000000	0.000000000000000	0.000000000000000	0.000000000000000	0.000000000000000	0.000000000000000	0.000000000000000	0.000000000000000	0.000000000000000	0.000000000000000	0.000000000000000	0.000000000000000	0.000000000000000	0.000000000000000	0.000000000000000	0.000000000000000	0.000000000000000	0.000000000000000	0.000000000000000	0.000000000000000	0.000000000000000	0.000000000000000	0.000000000000000	0.000000000000000	0.000000000000000	0.000000000000000	0.000000000000000	0.000000000000000	0.000000000000000	0.000000000000000	0.000000000000000	0.000000000000000	0.000000000000000	0.000000000000000	0.000000000000000	0.000000000000000	0.000000000000000	0.000000000000000	0.000000000000000	0.000000000000000	0.000000000000000	0.000000000000000	0.000000000000000	0.000000000000000	0.000000000000000	0.000000000000000	0.000000000000000	0.000000000000000	0.000000000000000	0.000000000000000	0.000000000000000	0.000000000000000	0.000000000000000	0.000000000000000	0.000000000000000	0.000000000000000	0.000000000000000	0.000000000000000	0.000000000000000	0.000000000000000	0.000000000000000	0.000000000000000
-1.00000000000000	-0.169435215946844	-0.201150511583757	-0.0598059456485555	0.000000000000000	0.000000000000000	0.000000000000000	0.000000000000000	0.000000000000000	0.000000000000000	0.000000000000000	0.000000000000000	0.000000000000000	0.000000000000000	0.000000000000000	0.000000000000000	0.000000000000000	0.000000000000000	0.000000000000000	0.000000000000000	0.000000000000000	0.000000000000000	0.000000000000000	0.000000000000000	0.000000000000000	0.000000000000000	0.000000000000000	0.000000000000000	0.000000000000000	0.000000000000000	0.000000000000000	0.000000000000000	0.000000000000000	0.000000000000000	0.000000000000000	0.000000000000000	0.000000000000000	0.000000000000000	0.000000000000000	0.000000000000000	0.000000000000000	0.000000000000000	0.000000000000000	0.000000000000000	0.000000000000000	0.000000000000000	0.000000000000000	0.000000000000000	0.000000000000000	0.000000000000000	0.000000000000000	0.000000000000000	0.000000000000000	0.000000000000000	0.000000000000000	0.000000000000000	0.000000000000000	0.000000000000000	0.000000000000000	0.000000000000000	0.000000000000000	0.000000000000000	0.000000000000000	0.000000000000000	0.000000000000000	0.000000000000000	0.000000000000000	0.000000000000000	0.000000000000000	0.000000000000000	0.000000000000000	0.000000000000000	0.000000000000000	0.000000000000000	0.000000000000000	0.000000000000000	0.000000000000000	0.000000000000000	0.000000000000000	0.000000000000000	0.000000000000000	0.000000000000000	0.000000000000000	0.000000000000000	0.000000000000000	0.000000000000000	0.000000000000000	0.000000000000000	0.000000000000000	0.000000000000000	0.000000000000000	0.000000000000000	0.000000000000000	0.000000000000000	0.000000000000000	0.000000000000000	0.000000000000000	0.000000000000000	0.000000000000000	0.000000000000000
Vector Modified Chebushev algorithm ...
0.000000000000000	0.000000000000000	-0.750000000000000	1.00000000000000
0.000000000000000	0.0625000000000000	0.499999999999999	1.00000000000000
-0.0624999999999998	0.112500000000133	-0.449999999999644	1.00000000000000
0.0568750000000021	0.122500000000169	0.436263736263411	1.00000000000000
-0.0576923076923127	0.130305820553189	-0.423763736263421	1.00000000000000
0.0569993622448988	0.132998511904902	0.418269230768936	1.00000000000000
-0.0572916666666697	0.136139501524224	-0.412587412587123	1.00000000000000
0.0570168467895748	0.137396694215001	0.409648075501459	1.00000000000000
-0.0571692535107191	0.139087911026417	-0.406401322254709	1.00000000000000
0.0570209574665487	0.139815541601371	0.404575078206205	1.00000000000000
-0.0571151590198141	0.140871684830055	-0.402474237870072	1.00000000000000
0.0570221782022707	0.141345876586037	0.401230626833149	1.00000000000000
-0.0570863749314932	0.142067909419388	-0.399760038597857	1.00000000000000
0.0570225726016844	0.142401315789577	0.398859003024882	1.00000000000000
-0.0570692041419066	0.142926065768471	-0.397772046503144	1.00000000000000
0.0570226897912538	0.143173225640243	0.397089333812377	1.00000000000000
-0.0570581280090754	0.143571807906969	-0.396253213411043	1.00000000000000
0.0570227058417061	0.143762327416268	0.395718122562975	1.00000000000000
-0.0570505629734838	0.144075352411789	-0.395054992589500	1.00000000000000
0.0570226844638723	0.144226685918217	0.394624352047449	1.00000000000000
-0.0570451650372939	0.144479027523567	-0.394085558944002	1.00000000000000
0.0570226505227354	0.144602129536380	0.393731524757845	1.00000000000000
-0.0570411777994208	0.144809872859275	-0.393285096186419	1.00000000000000
0.0570226140829375	0.144911964786001	0.392988907970937	1.00000000000000
-0.0570381486814435	0.145085972254888	-0.392612968121315	1.00000000000000
0.0570225791777411	0.145172007187327	0.392361525983948	1.00000000000000
-0.0570357932587854	0.145319878860064	-0.392040601722077	1.00000000000000
0.0570225472773482	0.145393367043508	0.391824482002745	1.00000000000000
-0.0570339254238471	0.145520579716687	-0.391547320140246	1.00000000000000
0.0570225187456393	0.145584078096039	0.391359570846403	1.00000000000000
-0.0570324192173417	0.145694678325984	-0.391117791349307	1.00000000000000
0.0570224934783813	0.145750093491121	0.390953171936795	1.00000000000000
-0.0570311869056379	0.145847135830238	-0.390740405979349	1.00000000000000
0.0570224711899371	0.145895918367412	0.390594891379689	1.00000000000000
-0.0570301658505654	0.145981751779953	-0.390406212134408	1.00000000000000
0.0570224515426202	0.146025024874323	0.390276659766054	1.00000000000000
-0.0570293103582283	0.146101485340259	-0.390108196154195	1.00000000000000
0.0570224342037247	0.146140132189301	0.389992116691594	1.00000000000000
-0.0570285864591239	0.146208675486896	-0.389840784972467	1.00000000000000
0.0570224188687131	0.146243400132801	0.389736181024206	1.00000000000000
-0.0570279684732957	0.146305195408788	-0.389599494310155	1.00000000000000
0.0570224052686184	0.146336565963339	0.389504744644169	1.00000000000000
-0.0570274366951710	0.146392562966366	-0.389380675165264	1.00000000000000
0.0570223931702695	0.146421042899468	0.389294450155140	1.00000000000000
-0.0570269757994021	0.146472021137374	-0.389181327983196	1.00000000000000
0.0570223823734713	0.146497992304970	0.389102526876976	1.00000000000000
-0.0570265737219607	0.146544597552448	-0.388998964325196	1.00000000000000
0.0570223727071420	0.146568377400612	0.388926668037762	1.00000000000000
-0.0570262208611385	0.146611149198642	-0.388831502449640	1.00000000000000
0.0570223640253137	0.146633003792447	0.388764937575071	1.00000000000000
-0.0570259094980072	0.146672396430249	-0.388677187487323	1.00000000000000
0.0570223562034200	0.146692550443461	0.388615698539027	1.00000000000000
-0.0570256333700358	0.146728949156570	-0.388534529707860	1.00000000000000
0.0570223491350093	0.146747593618199	0.388477557472675	1.00000000000000
-0.0570253873532819	0.146781327228567	-0.388402256267858	1.00000000000000
0.0570223427289176	0.146798625592641	0.388349320758918	1.00000000000000
-0.0570251672226659	0.146829976470332	-0.388279273126531	1.00000000000000
0.0570223369068701	0.146846069417546	0.388229960034123	1.00000000000000
-0.0570249694691396	0.146875281403579	-0.388164634714031	1.00000000000000
0.0570223316014648	0.146890290673485	0.388118584544818	1.00000000000000
-0.0570247911588285	0.146917575434581	-0.388057519571689	1.00000000000000
0.0570223267544889	0.146931606909213	0.388014418873961	1.00000000000000
-0.0570246298234758	0.146957149074985	-0.387957210635978	1.00000000000000
0.0570223223155075	0.146970295279125	0.387916784858017	1.00000000000000
-0.0570244833744876	0.146994256625436	-0.387863079165215	1.00000000000000
0.0570223182406892	0.147006598768320	0.387825086802868	1.00000000000000
-0.0570243500349370	0.147029121647232	-0.387774571547263	1.00000000000000
0.0570223144918234	0.147040731300904	0.387738799317170	1.00000000000000
-0.0570242282853697	0.147061941470891	-0.387691198403235	1.00000000000000
0.0570223110354973	0.147072881958458	0.387657457237950	1.00000000000000
-0.0570241168202901	0.147092890933781	-0.387612525534144	1.00000000000000
0.0570223078424063	0.147103218484431	0.387580647240415	1.00000000000000
-0.0570240145129965	0.147122125496338	-0.387538166356815	1.00000000000000
0.0570223048867735	0.147131890211589	0.387508000812322	1.00000000000000
-0.0570239203869767	0.147149783854173	-0.387467775550860	1.00000000000000
0.0570223021458622	0.147159030520394	0.387439188340873	1.00000000000000
-0.0570238335925071	0.147175990138721	-0.387401043696379	1.00000000000000
0.0570222995995564	0.147184758913693	0.387373914111932	1.00000000000000
-0.0570237533874027	0.147200855779997	-0.387337692726852	1.00000000000000
0.0570222972300551	0.147209182775869	0.387311912060630	1.00000000000000
3.45936638160657	-8.87375497593621	-95.7039326225619	1.00000000000000
-30721.3214063790	136536.217266668	74.0980104035772	1.00000000000000
18526284.4071546	-138594.920405098	1.10154815973063	1.00000000000000
-4984857.16000816	-3162.14398620092	-2.70345587127119	1.00000000000000
64940.9336400035	-1799.32562158339	31.4584636495287	1.00000000000000
-196.238929109396	-486.930204891458	41.0892935357171	1.00000000000000
22580.2872334837	-2534.73816778309	-57.3685309364655	1.00000000000000
-1546.13664836984	-28.3172435522439	-40.3047714748226	1.00000000000000
-46.7316685586076	-1984.93221912902	45.6018983399043	1.00000000000000
293.265104671651	-9.61350776350386	19.4191737521471	1.00000000000000
63.5520534256195	-323.221115181036	-15.5392083670041	1.00000000000000
-317.450177375714	-18.9124986863650	-1.81563311575333	1.00000000000000
3.99799330931900	-10.2123928488139	-1.84644539751851	1.00000000000000
-0.766226598804806	-12.0660926405863	8.32679271066070	1.00000000000000
85.8486046985023	-67.1678108745296	-7.31164952992699	1.00000000000000
-18.9043283086333	-1.47157116489569	-7.24722307879039	1.00000000000000
-132.063541565745	414.921211512771	35.9147934703047	1.00000000000000
-38247.7806490751	-1031.57767405260	-2.30598364554856	1.00000000000000
45552.4086841255	-121.222960450223	-10.3840960134542	1.00000000000000
-746.570928917773	-55.1505711093648	6.18698657708763	0.000000000000000