2
100
0.61509982054024949032723414633203	1
0.14814814814814814814814814814815	0.63490017945975050967276585366797	1
-0.57022248808851927358928274617477e-1	0.14814814814814814814814814814815	-0.27378906834863939856165474255686	1
0.57022248808851927358928274617477e-1	0.14814814814814814814814814814815	0.44740017945975050967276585366797	1
-0.57022248808851927358928274617477e-1	0.14814814814814814814814814814815	-0.34490017945975050967276585366797	1
0.57022248808851927358928274617477e-1	0.14814814814814814814814814814815	0.41267795723752828745054363144575	1
-0.57022248808851927358928274617477e-1	0.14814814814814814814814814814815	-0.36449201619444438722378626183124	1
0.57022248808851927358928274617477e-1	0.14814814814814814814814814814815	0.40052517945975050967276585366797	1
-0.57022248808851927358928274617477e-1	0.14814814814814814814814814814815	-0.37255450044740483066042017465563	1
0.57022248808851927358928274617477e-1	0.14814814814814814814814814814815	0.39490017945975050967276585366797	1
-0.57022248808851927358928274617477e-1	0.14814814814814814814814814814815	-0.37663571664983315430086502722169	1
0.57022248808851927358928274617477e-1	0.14814814814814814814814814814815	0.39184462390419495411721029811242	1
-0.57022248808851927358928274617477e-1	0.14814814814814814814814814814815	-0.3789830196964369002053102323662	1
0.57022248808851927358928274617477e-1	0.14814814814814814814814814814815	0.39000222027607704028501075162716	1
-0.57022248808851927358928274617477e-1	0.14814814814814814814814814814815	-0.38045573501530606522832140922353	1
0.57022248808851927358928274617477e-1	0.14814814814814814814814814814815	0.38880642945975050967276585366797	1
-0.57022248808851927358928274617477e-1	0.14814814814814814814814814814815	-0.38143997184729376226792156301053	1
0.57022248808851927358928274617477e-1	0.14814814814814814814814814814815	0.38798659921283692942585227342106	1
-0.57022248808851927358928274617477e-1	0.14814814814814814814814814814815	-0.38213009635725743488052208635495	1
0.57022248808851927358928274617477e-1	0.14814814814814814814814814814815	0.38740017945975050967276585366797	1
-0.57022248808851927358928274617477e-1	0.14814814814814814814814814814815	-0.38263260576360538495621256568611	1
0.57022248808851927358928274617477e-1	0.14814814814814814814814814814815	0.38696629516222984851574106027954	1
-0.57022248808851927358928274617477e-1	0.14814814814814814814814814814815	-0.38300982029150854369923088202336	1
0.57022248808851927358928274617477e-1	0.14814814814814814814814814814815	0.38663629057086162078387696477908	1
-0.57022248808851927358928274617477e-1	0.14814814814814814814814814814815	-0.38330017945975050967276585366797	1
0.57022248808851927358928274617477e-1	0.14814814814814814814814814814815	0.38637946940057891203962975899342	1
-0.57022248808851927358928274617477e-1	0.14814814814814814814814814814815	-0.38352843734726765644917188933327	1
0.57022248808851927358928274617477e-1	0.14814814814814814814814814814815	0.38617568966383214232582707815777	1
-0.57022248808851927358928274617477e-1	0.14814814814814814814814814814815	-0.38371111881765776294268261942303	1
0.57022248808851927358928274617477e-1	0.14814814814814814814814814814815	0.38601129057086162078387696477908	1
-0.57022248808851927358928274617477e-1	0.14814814814814814814814814814815	-0.38385959673342376669669925637349	1
0.57022248808851927358928274617477e-1	0.14814814814814814814814814814815	0.38587674195975050967276585366797	1
-0.57022248808851927358928274617477e-1	0.14814814814814814814814814814815	-0.38398190581420413685366576184061	1
0.57022248808851927358928274617477e-1	0.14814814814814814814814814814815	0.38576523136286469652397692633233	1
-0.57022248808851927358928274617477e-1	0.14814814814814814814814814814815	-0.3840838529291382647748066699945	1
0.57022248808851927358928274617477e-1	0.14814814814814814814814814814815	0.38567178439802211461103745860624	1
-0.57022248808851927358928274617477e-1	0.14814814814814814814814814814815	-0.38416971926983086029365701509967	1
0.57022248808851927358928274617477e-1	0.14814814814814814814814814814815	0.38559270023537377837082679549623	1
-0.57022248808851927358928274617477e-1	0.14814814814814814814814814814815	-0.38424271726382677528749300685666	1
0.57022248808851927358928274617477e-1	0.14814814814814814814814814814815	0.38552517945975050967276585366797	1
-0.57022248808851927358928274617477e-1	0.14814814814814814814814814814815	-0.38430529546213004566324770970604	1
0.57022248808851927358928274617477e-1	0.14814814814814814814814814814815	0.38546707288378679085190417566344	1
-0.57022248808851927358928274617477e-1	0.14814814814814814814814814814815	-0.38435934657711124520548624306765	1
0.57022248808851927358928274617477e-1	0.14814814814814814814814814814815	0.38541670838537034438350965532086	1
-0.57022248808851927358928274617477e-1	0.14814814814814814814814814814815	-0.38440635229925668251227202650748	1
0.57022248808851927358928274617477e-1	0.14814814814814814814814814814815	0.38537276925181100116614959657912	1
-0.57022248808851927358928274617477e-1	0.14814814814814814814814814814815	-0.38444748593326793837353543266299	1
0.57022248808851927358928274617477e-1	0.14814814814814814814814814814815	0.38533420723752828745054363144575	1
-0.57022248808851927358928274617477e-1	0.14814814814814814814814814814815	-0.3844836863318871194187050456713	1
0.57022248808851927358928274617477e-1	0.14814814814814814814814814814815	0.38530017945975050967276585366797	1
-0.57022248808851927358928274617477e-1	0.14814814814814814814814814814815	-0.38451571194725531551667204359492	1
0.57022248808851927358928274617477e-1	0.14814814814814814814814814814815	0.38527000194495761026448182999933	1
-0.57022248808851927358928274617477e-1	0.14814814814814814814814814814815	-0.38454418088374481369554976253234	1
0.57022248808851927358928274617477e-1	0.14814814814814814814814814814815	0.38524311498787122297866434475165	1
-0.57022248808851927358928274617477e-1	0.14814814814814814814814814814815	-0.38456960094735381545788982061012	1
0.57022248808851927358928274617477e-1	0.14814814814814814814814814814815	0.38521905701077091783603115979042	1
-0.57022248808851927358928274617477e-1	0.14814814814814814814814814814815	-0.38459239244836239025140543507764	1
0.57022248808851927358928274617477e-1	0.14814814814814814814814814814815	0.38519744462027369635528666222921	1
-0.57022248808851927358928274617477e-1	0.14814814814814814814814814814815	-0.38461290568784588456503818920374	1
0.57022248808851927358928274617477e-1	0.14814814814814814814814814814815	0.38517795723752828745054363144575	1
-0.57022248808851927358928274617477e-1	0.14814814814814814814814814814815	-0.38463143449871852902240304797058	1
0.57022248808851927358928274617477e-1	0.14814814814814814814814814814815	0.38516032514133219541678250299159	1
-0.57022248808851927358928274617477e-1	0.14814814814814814814814814814815	-0.38464822682684549581537104389221	1
0.57022248808851927358928274617477e-1	0.14814814814814814814814814814815	0.38514432008475050967276585366797	1
-0.57022248808851927358928274617477e-1	0.14814814814814814814814814814815	-0.3846634930692179652940676288159	1
0.57022248808851927358928274617477e-1	0.14814814814814814814814814814815	0.38512974787113710287754087662481	1
-0.57022248808851927358928274617477e-1	0.14814814814814814814814814814815	-0.38467741269655157895322920853543	1
0.57022248808851927358928274617477e-1	0.14814814814814814814814814814815	0.38511644243552905638556862183406	1
-0.57022248808851927358928274617477e-1	0.14814814814814814814814814814815	-0.38469013955216806900903974570746	1
0.57022248808851927358928274617477e-1	0.14814814814814814814814814814815	0.38510426109240357089725564958634	1
-0.57022248808851927358928274617477e-1	0.14814814814814814814814814814815	-0.38470180612112722064281147953585	1
0.57022248808851927358928274617477e-1	0.14814814814814814814814814814815	0.38509308069431841090733375490254	1
-0.57022248808851927358928274617477e-1	0.14814814814814814814814814814815	-0.38471252699212056033893211375429	1
0.57022248808851927358928274617477e-1	0.14814814814814814814814814814815	0.38508279450723042201754306331005	1
-0.57022248808851927358928274617477e-1	0.14814814814814814814814814814815	-0.38472240168197273189498807589019	1
0.57022248808851927358928274617477e-1	0.14814814814814814814814814814815	0.38507330965365632684728108912504	1
-0.57022248808851927358928274617477e-1	0.14814814814814814814814814814815	-0.38473151695342566568558420414866	1
0.57022248808851927358928274617477e-1	0.14814814814814814814814814814815	0.3850645450087314432690840653708	1
-0.57022248808851927358928274617477e-1	0.14814814814814814814814814814815	-0.38473994872749606326994579278029	1
0.57022248808851927358928274617477e-1	0.14814814814814814814814814814815	0.38505642945975050967276585366797	1
-0.57022248808851927358928274617477e-1	0.14814814814814814814814814814815	-0.38474776366947463709236652429745	1
0.57022248808851927358928274617477e-1	0.14814814814814814814814814814815	0.38504890045915562567514538965845	1
-0.57022248808851927358928274617477e-1	0.14814814814814814814814814814815	-0.38475502051070130078903817185639	1
0.57022248808851927358928274617477e-1	0.14814814814814814814814814814815	0.38504190281575957996755043416684	1
-0.57022248808851927358928274617477e-1	0.14814814814814814814814814814815	-0.38476177115525223977657208204167	1
0.57022248808851927358928274617477e-1	0.14814814814814814814814814814815	0.38503538768041032578958575631805	1
-0.57022248808851927358928274617477e-1	0.14814814814814814814814814814815	-0.3847680616106290933694232720852	1
0.57022248808851927358928274617477e-1	0.14814814814814814814814814814815	0.38502931169115546835045180408119	1
-0.57022248808851927358928274617477e-1	0.14814814814814814814814814814815	-0.3847739327737260178156771022477	1
0.57022248808851927358928274617477e-1	0.14814814814814814814814814814815	0.3850236362498739664628893104581	1
-0.57022248808851927358928274617477e-1	0.14814814814814814814814814814815	-0.38477942109723390539791982058018	1
0.57022248808851927358928274617477e-1	0.14814814814814814814814814814815	0.38501832690776563254611178939576	1
-0.57022248808851927358928274617477e-1	0.14814814814814814814814814814815	-0.38478455915682531600875845396858	1
0.57022248808851927358928274617477e-1	0.14814814814814814814814814814815	0.38501335284137115249757345891922	1
-0.57022248808851927358928274617477e-1	0.14814814814814814814814814814815	-0.38478937613565078668107610297545	1
0.57022248808851927358928274617477e-1	0.14814814814814814814814814814815	0.38500868640419495411721029811242	1
-0.57022248808851927358928274617477e-1	0.14814814814814814814814814814815	-0.38479389823964210282825527868657	1
0.57022248808851927358928274617477e-1	0.14814814814814814814814814814815	0.38500430274171635723628105566714	1
-0.57022248808851927358928274617477e-1	0.14814814814814814814814814814815	-0.38479814905468980158175473235382	1
0.57022248808851927358928274617477e-1	0.14814814814814814814814814814815	0.38500017945975050967276585366797	1
