2
100
0.61509982054024949032723414633202836290159883248658208265426511567734821846471110287085640294283364984986085746324295488222890109	1
0.14814814814814814814814814814814814814814814814814814814814814814814814814814814814814814814814814814814814814814814814814814815	0.63490017945975050967276585366797163709840116751341791734573488432265178153528889712914359705716635015013914253675704511777109891	1
-0.57022248808851927358928274617477279570133506298284135903071834714466930597820577352465718082543162985205798894334377054484607246e-1	0.14814814814814814814814814814814814814814814814814814814814814814814814814814814814814814814814814814814814814814814814814814815	-0.2737890683486393985616547425568605259872900564023068062346237732115406704241777860180324859460552390390280314256459340066599878	1
0.57022248808851927358928274617477279570133506298284135903071834714466930597820577352465718082543162985205798894334377054484607246e-1	0.14814814814814814814814814814814814814814814814814814814814814814814814814814814814814814814814814814814814814814814814814814815	0.44740017945975050967276585366797163709840116751341791734573488432265178153528889712914359705716635015013914253675704511777109891	1
-0.57022248808851927358928274617477279570133506298284135903071834714466930597820577352465718082543162985205798894334377054484607246e-1	0.14814814814814814814814814814814814814814814814814814814814814814814814814814814814814814814814814814814814814814814814814814815	-0.34490017945975050967276585366797163709840116751341791734573488432265178153528889712914359705716635015013914253675704511777109891	1
0.57022248808851927358928274617477279570133506298284135903071834714466930597820577352465718082543162985205798894334377054484607246e-1	0.14814814814814814814814814814814814814814814814814814814814814814814814814814814814814814814814814814814814814814814814814814815	0.41267795723752828745054363144574941487617894529119569512351266210042955931306667490692137483494412792791692031453482289554887669	1
-0.57022248808851927358928274617477279570133506298284135903071834714466930597820577352465718082543162985205798894334377054484607246e-1	0.14814814814814814814814814814814814814814814814814814814814814814814814814814814814814814814814814814814814814814814814814814815	-0.36449201619444438722378626183123694322085014710525465203961243534305994480059501957812318889390104402769016294492031042389354789	1
0.57022248808851927358928274617477279570133506298284135903071834714466930597820577352465718082543162985205798894334377054484607246e-1	0.14814814814814814814814814814814814814814814814814814814814814814814814814814814814814814814814814814814814814814814814814814815	0.40052517945975050967276585366797163709840116751341791734573488432265178153528889712914359705716635015013914253675704511777109891	1
-0.57022248808851927358928274617477279570133506298284135903071834714466930597820577352465718082543162985205798894334377054484607246e-1	0.14814814814814814814814814814814814814814814814814814814814814814814814814814814814814814814814814814814814814814814814814814815	-0.3725545004474048306604201746556259580860554885010722383333892053103061025229432181167979180448206711377934635244113661054254199	1
0.57022248808851927358928274617477279570133506298284135903071834714466930597820577352465718082543162985205798894334377054484607246e-1	0.14814814814814814814814814814814814814814814814814814814814814814814814814814814814814814814814814814814814814814814814814814815	0.39490017945975050967276585366797163709840116751341791734573488432265178153528889712914359705716635015013914253675704511777109891	1
-0.57022248808851927358928274617477279570133506298284135903071834714466930597820577352465718082543162985205798894334377054484607246e-1	0.14814814814814814814814814814814814814814814814814814814814814814814814814814814814814814814814814814814814814814814814814814815	-0.37663571664983315430086502722169064536286397743077328924656133060364351707247897977377169623072006915840360534667440048967192536	1
0.57022248808851927358928274617477279570133506298284135903071834714466930597820577352465718082543162985205798894334377054484607246e-1	0.14814814814814814814814814814814814814814814814814814814814814814814814814814814814814814814814814814814814814814814814814814815	0.39184462390419495411721029811241608154284561195786236179017932876709622597973334157358804150161079459458358698120148956221554335	1
-0.57022248808851927358928274617477279570133506298284135903071834714466930597820577352465718082543162985205798894334377054484607246e-1	0.14814814814814814814814814814814814814814814814814814814814814814814814814814814814814814814814814814814814814814814814814814815	-0.37898301969643690020531023236619648916940708467318123095520233994395355668321789121198383374355688269451784076160911612368825867	1
0.57022248808851927358928274617477279570133506298284135903071834714466930597820577352465718082543162985205798894334377054484607246e-1	0.14814814814814814814814814814814814814814814814814814814814814814814814814814814814814814814814814814814814814814814814814814815	0.39000222027607704028501075162715531056778892261545873367226549656754974071896236651689869909798267668075138743471622879124048667	1
-0.57022248808851927358928274617477279570133506298284135903071834714466930597820577352465718082543162985205798894334377054484607246e-1	0.14814814814814814814814814814814814814814814814814814814814814814814814814814814814814814814814814814814814814814814814814814815	-0.38045573501530606522832140922352719265395672306897347290129043987820733709084445268469915261272190570569469809231260067332665447	1
0.57022248808851927358928274617477279570133506298284135903071834714466930597820577352465718082543162985205798894334377054484607246e-1	0.14814814814814814814814814814814814814814814814814814814814814814814814814814814814814814814814814814814814814814814814814814815	0.38880642945975050967276585366797163709840116751341791734573488432265178153528889712914359705716635015013914253675704511777109891	1
-0.57022248808851927358928274617477279570133506298284135903071834714466930597820577352465718082543162985205798894334377054484607246e-1	0.14814814814814814814814814814814814814814814814814814814814814814814814814814814814814814814814814814814814814814814814814814815	-0.38143997184729376226792156301053219073161916059300269243224007463407046665639616356512975622671652316051976537412728733230397088	1
0.57022248808851927358928274617477279570133506298284135903071834714466930597820577352465718082543162985205798894334377054484607246e-1	0.14814814814814814814814814814814814814814814814814814814814814814814814814814814814814814814814814814814814814814814814814814815	0.38798659921283692942585227342105805685148758726650433709882130407573820128837531688223001681025276990322556228984346487085751866	1
-0.57022248808851927358928274617477279570133506298284135903071834714466930597820577352465718082543162985205798894334377054484607246e-1	0.14814814814814814814814814814814814814814814814814814814814814814814814814814814814814814814814814814814814814814814814814814815	-0.38213009635725743488052208635495224651668371598987221097454374858857975937462407718454525910702784599501448879714485675212012938	1
0.57022248808851927358928274617477279570133506298284135903071834714466930597820577352465718082543162985205798894334377054484607246e-1	0.14814814814814814814814814814814814814814814814814814814814814814814814814814814814814814814814814814814814814814814814814814815	0.38740017945975050967276585366797163709840116751341791734573488432265178153528889712914359705716635015013914253675704511777109891	1
-0.57022248808851927358928274617477279570133506298284135903071834714466930597820577352465718082543162985205798894334377054484607246e-1	0.14814814814814814814814814814814814814814814814814814814814814814814814814814814814814814814814814814814814814814814814814814815	-0.38263260576360538495621256568611222666756216524584422120061016776936379967587846629014132948347020502542258924877518570734025991	1
0.57022248808851927358928274617477279570133506298284135903071834714466930597820577352465718082543162985205798894334377054484607246e-1	0.14814814814814814814814814814814814814814814814814814814814814814814814814814814814814814814814814814814814814814814814814814815	0.3869662951622298485157410602795418850322854650340790743705282727524038476509913764679865722637779203980730268342777062747958923	1
-0.57022248808851927358928274617477279570133506298284135903071834714466930597820577352465718082543162985205798894334377054484607246e-1	0.14814814814814814814814814814814814814814814814814814814814814814814814814814814814814814814814814814814814814814814814814814815	-0.38300982029150854369923088202335916072789077053799258653288044197860641291525108994577875773769565071724689300934683717826259229	1
0.57022248808851927358928274617477279570133506298284135903071834714466930597820577352465718082543162985205798894334377054484607246e-1	0.14814814814814814814814814814814814814814814814814814814814814814814814814814814814814814814814814814814814814814814814814814815	0.38663629057086162078387696477908274820951227862452902845684599543376289264640000824025470816827746126125025364786815622888221002	1
-0.57022248808851927358928274617477279570133506298284135903071834714466930597820577352465718082543162985205798894334377054484607246e-1	0.14814814814814814814814814814814814814814814814814814814814814814814814814814814814814814814814814814814814814814814814814814815	-0.38330017945975050967276585366797163709840116751341791734573488432265178153528889712914359705716635015013914253675704511777109891	1
0.57022248808851927358928274617477279570133506298284135903071834714466930597820577352465718082543162985205798894334377054484607246e-1	0.14814814814814814814814814814814814814814814814814814814814814814814814814814814814814814814814814814814814814814814814814814815	0.38637946940057891203962975899341542408064968822347708894336802041732633774830664860843353788556871701404446798054402736629180897	1
-0.57022248808851927358928274617477279570133506298284135903071834714466930597820577352465718082543162985205798894334377054484607246e-1	0.14814814814814814814814814814814814814814814814814814814814814814814814814814814814814814814814814814814814814814814814814814815	-0.38352843734726765644917188933326656165258498095649061967769647554350226164502826612777185494468349692654517820205196967195491235	1
0.57022248808851927358928274617477279570133506298284135903071834714466930597820577352465718082543162985205798894334377054484607246e-1	0.14814814814814814814814814814814814814814814814814814814814814814814814814814814814814814814814814814814814814814814814814814815	0.38617568966383214232582707815776755546574810628892812142736753738387627133120726447608237256737043178279220376124684103613844585	1
-0.57022248808851927358928274617477279570133506298284135903071834714466930597820577352465718082543162985205798894334377054484607246e-1	0.14814814814814814814814814814814814814814814814814814814814814814814814814814814814814814814814814814814814814814814814814814815	-0.38371111881765776294268261942302514482729534111627166288675747647485154372316047857979758041031736085168492137147761586687930343	1
0.57022248808851927358928274617477279570133506298284135903071834714466930597820577352465718082543162985205798894334377054484607246e-1	0.14814814814814814814814814814814814814814814814814814814814814814814814814814814814814814814814814814814814814814814814814814815	0.38601129057086162078387696477908274820951227862452902845684599543376289264640000824025470816827746126125025364786815622888221002	1
-0.57022248808851927358928274617477279570133506298284135903071834714466930597820577352465718082543162985205798894334377054484607246e-1	0.14814814814814814814814814814814814814814814814814814814814814814814814814814814814814814814814814814814814814814814814814814815	-0.38385959673342376669669925637348672554793290528657088300650491554013357133757817912706243160451286419800594794778722201683457446	1
0.57022248808851927358928274617477279570133506298284135903071834714466930597820577352465718082543162985205798894334377054484607246e-1	0.14814814814814814814814814814814814814814814814814814814814814814814814814814814814814814814814814814814814814814814814814814815	0.38587674195975050967276585366797163709840116751341791734573488432265178153528889712914359705716635015013914253675704511777109891	1
-0.57022248808851927358928274617477279570133506298284135903071834714466930597820577352465718082543162985205798894334377054484607246e-1	0.14814814814814814814814814814814814814814814814814814814814814814814814814814814814814814814814814814814814814814814814814814815	-0.38398190581420413685366576184060708246111925750423518089027115613165086326164335075632449696533898559550186062674786238131563518	1
0.57022248808851927358928274617477279570133506298284135903071834714466930597820577352465718082543162985205798894334377054484607246e-1	0.14814814814814814814814814814814814814814814814814814814814814814814814814814814814814814814814814814814814814814814814814814815	0.38576523136286469652397692633233149869009666924352172357410858674479711025501208052014705726477880689754398682741448456413788092	1
-0.57022248808851927358928274617477279570133506298284135903071834714466930597820577352465718082543162985205798894334377054484607246e-1	0.14814814814814814814814814814814814814814814814814814814814814814814814814814814814814814814814814814814814814814814814814814815	-0.38408385292913826477480666999450224934329912669709138673348998636346810806590114202710278073063573790524118335308357573001599687	1
0.57022248808851927358928274617477279570133506298284135903071834714466930597820577352465718082543162985205798894334377054484607246e-1	0.14814814814814814814814814814814814814814814814814814814814814814814814814814814814814814814814814814814814814814814814814814815	0.38567178439802211461103745860624324203667277245168952228400648926092338647356050206741520199543795508841074747502865005604270385	1
-0.57022248808851927358928274617477279570133506298284135903071834714466930597820577352465718082543162985205798894334377054484607246e-1	0.14814814814814814814814814814814814814814814814814814814814814814814814814814814814814814814814814814814814814814814814814814815	-0.38416971926983086029365701509967360934091395056674151120986928899759699702104492342571043416454399806832760126575631465758117926	1
0.57022248808851927358928274617477279570133506298284135903071834714466930597820577352465718082543162985205798894334377054484607246e-1	0.14814814814814814814814814814814814814814814814814814814814814814814814814814814814814814814814814814814814814814814814814814815	0.38559270023537377837082679549622648474383053039430434393853266825616978707545510211529318154470097618892030597166009220918384129	1
-0.57022248808851927358928274617477279570133506298284135903071834714466930597820577352465718082543162985205798894334377054484607246e-1	0.14814814814814814814814814814814814814814814814814814814814814814814814814814814814814814814814814814814814814814814814814814815	-0.38424271726382677528749300685666328732851293608672495219123126828057420099616989647168140113343196487729233122840727522953967222	1
0.57022248808851927358928274617477279570133506298284135903071834714466930597820577352465718082543162985205798894334377054484607246e-1	0.14814814814814814814814814814814814814814814814814814814814814814814814814814814814814814814814814814814814814814814814814814815	0.38552517945975050967276585366797163709840116751341791734573488432265178153528889712914359705716635015013914253675704511777109891	1
-0.57022248808851927358928274617477279570133506298284135903071834714466930597820577352465718082543162985205798894334377054484607246e-1	0.14814814814814814814814814814814814814814814814814814814814814814814814814814814814814814814814814814814814814814814814814814815	-0.38430529546213004566324770970604421294611086412257913090909003006923119854897122907441426927608366127446989803943402310706318695	1
0.57022248808851927358928274617477279570133506298284135903071834714466930597820577352465718082543162985205798894334377054484607246e-1	0.14814814814814814814814814814814814814814814814814814814814814814814814814814814814814814814814814814814814814814814814814814815	0.38546707288378679085190417566343648970611091808031134138201606346097377700014150483889416395059038643131828085875250997037880866	1
-0.57022248808851927358928274617477279570133506298284135903071834714466930597820577352465718082543162985205798894334377054484607246e-1	0.14814814814814814814814814814814814814814814814814814814814814814814814814814814814814814814814814814814814814814814814814814815	-0.38435934657711124520548624306764713736881760883305015098554018448490164632706823731302677715451626902520674664708695317618105024	1
0.57022248808851927358928274617477279570133506298284135903071834714466930597820577352465718082543162985205798894334377054484607246e-1	0.14814814814814814814814814814814814814814814814814814814814814814814814814814814814814814814814814814814814814814814814814814815	0.38541670838537034438350965532086419908187224189358320660193323143008979806421451696385434085881924271212261361113721040702729726	1
-0.57022248808851927358928274617477279570133506298284135903071834714466930597820577352465718082543162985205798894334377054484607246e-1	0.14814814814814814814814814814814814814814814814814814814814814814814814814814814814814814814814814814814814814814814814814814815	-0.38440635229925668251227202650747780993790734035292409018524105716215795437479506996864976989667252298964531537626321795727727175	1
0.57022248808851927358928274617477279570133506298284135903071834714466930597820577352465718082543162985205798894334377054484607246e-1	0.14814814814814814814814814814814814814814814814814814814814814814814814814814814814814814814814814814814814814814814814814814815	0.38537276925181100116614959657912475619102876675727425004894849490866312369029834892498480688703402500836220491860959710264822556	1
-0.57022248808851927358928274617477279570133506298284135903071834714466930597820577352465718082543162985205798894334377054484607246e-1	0.14814814814814814814814814814814814814814814814814814814814814814814814814814814814814814814814814814814814814814814814814814815	-0.38444748593326793837353543266299200830709288322188328629095896761826065432840795552660851330886395087444878490887112388644470688	1
0.57022248808851927358928274617477279570133506298284135903071834714466930597820577352465718082543162985205798894334377054484607246e-1	0.14814814814814814814814814814814814814814814814814814814814814814814814814814814814814814814814814814814814814814814814814814815	0.38533420723752828745054363144574941487617894529119569512351266210042955931306667490692137483494412792791692031453482289554887669	1
-0.57022248808851927358928274617477279570133506298284135903071834714466930597820577352465718082543162985205798894334377054484607246e-1	0.14814814814814814814814814814814814814814814814814814814814814814814814814814814814814814814814814814814814814814814814814814815	-0.38448368633188711941870504567130358212130828954590438131907932413939480527539718534238807852322216022927283683080119338932461828	1
0.57022248808851927358928274617477279570133506298284135903071834714466930597820577352465718082543162985205798894334377054484607246e-1	0.14814814814814814814814814814814814814814814814814814814814814814814814814814814814814814814814814814814814814814814814814814815	0.38530017945975050967276585366797163709840116751341791734573488432265178153528889712914359705716635015013914253675704511777109891	1
-0.57022248808851927358928274617477279570133506298284135903071834714466930597820577352465718082543162985205798894334377054484607246e-1	0.14814814814814814814814814814814814814814814814814814814814814814814814814814814814814814814814814814814814814814814814814814815	-0.38451571194725531551667204359492280972431427785559400346645768324614274654874526006647539252044970270684810062979818314160808468	1
0.57022248808851927358928274617477279570133506298284135903071834714466930597820577352465718082543162985205798894334377054484607246e-1	0.14814814814814814814814814814814814814814814814814814814814814814814814814814814814814814814814814814814814814814814814814814815	0.38527000194495761026448182999933258384396329769093271024514316834632042058854333499896608226426694186611547389770379067990127642	1
-0.57022248808851927358928274617477279570133506298284135903071834714466930597820577352465718082543162985205798894334377054484607246e-1	0.14814814814814814814814814814814814814814814814814814814814814814814814814814814814814814814814814814814814814814814814814814815	-0.38454418088374481369554976253233617964023100019408719466862559275981803287028355715050351161750810878310461067488449260798113807	1
0.57022248808851927358928274617477279570133506298284135903071834714466930597820577352465718082543162985205798894334377054484607246e-1	0.14814814814814814814814814814814814814814814814814814814814814814814814814814814814814814814814814814814814814814814814814814815	0.38524311498787122297866434475164790595985521415264974176274448651743916150785405487948653258528706345603763362043331397922514555	1
-0.57022248808851927358928274617477279570133506298284135903071834714466930597820577352465718082543162985205798894334377054484607246e-1	0.14814814814814814814814814814814814814814814814814814814814814814814814814814814814814814814814814814814814814814814814814814815	-0.38456960094735381545788982061012039742897967991011213222176794217389145095677650043492872102410849891046972104915373933264713197	1
0.57022248808851927358928274617477279570133506298284135903071834714466930597820577352465718082543162985205798894334377054484607246e-1	0.14814814814814814814814814814814814814814814814814814814814814814814814814814814814814814814814814814814814814814814814814814815	0.38521905701077091783603115979042061669023790220729546836614304758795790398426848896587829093471737055830240784287949409736293564	1
-0.57022248808851927358928274617477279570133506298284135903071834714466930597820577352465718082543162985205798894334377054484607246e-1	0.14814814814814814814814814814814814814814814814814814814814814814814814814814814814814814814814814814814814814814814814814814815	-0.38459239244836239025140543507763614925598811734413506108226920257442155685077058380196600395159540524401418101013346863269876896	1
0.57022248808851927358928274617477279570133506298284135903071834714466930597820577352465718082543162985205798894334377054484607246e-1	0.14814814814814814814814814814814814814814814814814814814814814814814814814814814814814814814814814814814814814814814814814814815	0.38519744462027369635528666222920826016617762411270448096047923628460184098832100176648010121887859747475269782807690243049404778	1
-0.57022248808851927358928274617477279570133506298284135903071834714466930597820577352465718082543162985205798894334377054484607246e-1	0.14814814814814814814814814814814814814814814814814814814814814814814814814814814814814814814814814814814814814814814814814814815	-0.38461290568784588456503818920373722170052699342551214314291960135798645547955778537964632615799944408866255534916727206405090356	1
0.57022248808851927358928274617477279570133506298284135903071834714466930597820577352465718082543162985205798894334377054484607246e-1	0.14814814814814814814814814814814814814814814814814814814814814814814814814814814814814814814814814814814814814814814814814814815	0.38517795723752828745054363144574941487617894529119569512351266210042955931306667490692137483494412792791692031453482289554887669	1
-0.57022248808851927358928274617477279570133506298284135903071834714466930597820577352465718082543162985205798894334377054484607246e-1	0.14814814814814814814814814814814814814814814814814814814814814814814814814814814814814814814814814814814814814814814814814814815	-0.38463143449871852902240304797057846322041137982193713261044867093915272214265250906141986687710722625871210679367722786434460066	1
0.57022248808851927358928274617477279570133506298284135903071834714466930597820577352465718082543162985205798894334377054484607246e-1	0.14814814814814814814814814814814814814814814814814814814814814814814814814814814814814814814814814814814814814814814814814814815	0.38516032514133219541678250299159286498601823307012967593054237651828133408471657662966388842032972163817244118399950089300523002	1
-0.57022248808851927358928274617477279570133506298284135903071834714466930597820577352465718082543162985205798894334377054484607246e-1	0.14814814814814814814814814814814814814814814814814814814814814814814814814814814814814814814814814814814814814814814814814814815	-0.38464822682684549581537104389220948038386350059479861777405436026117533910646551592481001177120011180294841439364794962772322791	1
0.57022248808851927358928274617477279570133506298284135903071834714466930597820577352465718082543162985205798894334377054484607246e-1	0.14814814814814814814814814814814814814814814814814814814814814814814814814814814814814814814814814814814814814814814814814814815	0.38514432008475050967276585366797163709840116751341791734573488432265178153528889712914359705716635015013914253675704511777109891	1
-0.57022248808851927358928274617477279570133506298284135903071834714466930597820577352465718082543162985205798894334377054484607246e-1	0.14814814814814814814814814814814814814814814814814814814814814814814814814814814814814814814814814814814814814814814814814814815	-0.3846634930692179652940676288159006311812414041998084498901135825475038525412060568924572065246219714519142904657511279580077853	1
0.57022248808851927358928274617477279570133506298284135903071834714466930597820577352465718082543162985205798894334377054484607246e-1	0.14814814814814814814814814814814814814814814814814814814814814814814814814814814814814814814814814814814814814814814814814814815	0.38512974787113710287754087662481277575772164501571360145960081637040201110370028372234837208012319128879846301425934080188496484	1
-0.57022248808851927358928274617477279570133506298284135903071834714466930597820577352465718082543162985205798894334377054484607246e-1	0.14814814814814814814814814814814814814814814814814814814814814814814814814814814814814814814814814814814814814814814814814814815	-0.38467741269655157895322920853542541299503738938911406348073154282120379757449584745215540369561589347827458472878199499524937915	1
0.57022248808851927358928274617477279570133506298284135903071834714466930597820577352465718082543162985205798894334377054484607246e-1	0.14814814814814814814814814814814814814814814814814814814814814814814814814814814814814814814814814814814814814814814814814814815	0.38511644243552905638556862183406160249632504294594386890282830992818811371521969297689446210906946433699035360942140497936279441	1
-0.57022248808851927358928274617477279570133506298284135903071834714466930597820577352465718082543162985205798894334377054484607246e-1	0.14814814814814814814814814814814814814814814814814814814814814814814814814814814814814814814814814814814814814814814814814814815	-0.38469013955216806900903974570745913972390001229392621392208439072886896279972914077543639268833627243537333703371146645782570929	1
0.57022248808851927358928274617477279570133506298284135903071834714466930597820577352465718082543162985205798894334377054484607246e-1	0.14814814814814814814814814814814814814814814814814814814814814814814814814814814814814814814814814814814814814814814814814814815	0.38510426109240357089725564958633898403717667771749954999879610881244769990263583590465380113879900321136363233267541246470987442	1
-0.57022248808851927358928274617477279570133506298284135903071834714466930597820577352465718082543162985205798894334377054484607246e-1	0.14814814814814814814814814814814814814814814814814814814814814814814814814814814814814814814814814814814814814814814814814814815	-0.38470180612112722064281147953585499357529067356380474535605029793106281109291635199920906025891203553002408600035553748039756191	1
0.57022248808851927358928274617477279570133506298284135903071834714466930597820577352465718082543162985205798894334377054484607246e-1	0.14814814814814814814814814814814814814814814814814814814814814814814814814814814814814814814814814814814814814814814814814814815	0.38509308069431841090733375490253953833296906874798581858030278555721968276985679836371149829173425138470704377132494635233900014	1
-0.57022248808851927358928274617477279570133506298284135903071834714466930597820577352465718082543162985205798894334377054484607246e-1	0.14814814814814814814814814814814814814814814814814814814814814814814814814814814814814814814814814814814814814814814814814814815	-0.38471252699212056033893211375429177220817786107693827763847273382537274231592316246973282580552439105837708586571182087307228112	1
0.57022248808851927358928274617477279570133506298284135903071834714466930597820577352465718082543162985205798894334377054484607246e-1	0.14814814814814814814814814814814814814814814814814814814814814814814814814814814814814814814814814814814814814814814814814814815	0.38508279450723042201754306331004614403777297175008701887970128315391547766384989055500188778032193817059202785450722773281857882	1
-0.57022248808851927358928274617477279570133506298284135903071834714466930597820577352465718082543162985205798894334377054484607246e-1	0.14814814814814814814814814814814814814814814814814814814814814814814814814814814814814814814814814814814814814814814814814814815	-0.38472240168197273189498807589019385932062338973564013956795710654487400375751111935136581927938857237236136475897926733999332113	1
0.57022248808851927358928274617477279570133506298284135903071834714466930597820577352465718082543162985205798894334377054484607246e-1	0.14814814814814814814814814814814814814814814814814814814814814814814814814814814814814814814814814814814814814814814814814814815	0.38507330965365632684728108912503534900975850823363952399393433030603128292033044837568099317905000665983443339548280689062428451	1
-0.57022248808851927358928274617477279570133506298284135903071834714466930597820577352465718082543162985205798894334377054484607246e-1	0.14814814814814814814814814814814814814814814814814814814814814814814814814814814814814814814814814814814814814814814814814814815	-0.384731516953425665685584204148659780124206530981119047384527260777365898587068286570870701121932752578879233614510460533524177	1
0.57022248808851927358928274617477279570133506298284135903071834714466930597820577352465718082543162985205798894334377054484607246e-1	0.14814814814814814814814814814814814814814814814814814814814814814814814814814814814814814814814814814814814814814814814814814815	0.38506454500873144326908406537079872454087322537009115863436078833317117667006864729350914603809994646835084536384448758982895558	1
-0.57022248808851927358928274617477279570133506298284135903071834714466930597820577352465718082543162985205798894334377054484607246e-1	0.14814814814814814814814814814814814814814814814814814814814814814814814814814814814814814814814814814814814814814814814814814815	-0.38473994872749606326994579278029338040876809589028059960819282375543498935454863114612805467613766884906559663065225421887669096	1
0.57022248808851927358928274617477279570133506298284135903071834714466930597820577352465718082543162985205798894334377054484607246e-1	0.14814814814814814814814814814814814814814814814814814814814814814814814814814814814814814814814814814814814814814814814814814815	0.38505642945975050967276585366797163709840116751341791734573488432265178153528889712914359705716635015013914253675704511777109891	1
-0.57022248808851927358928274617477279570133506298284135903071834714466930597820577352465718082543162985205798894334377054484607246e-1	0.14814814814814814814814814814814814814814814814814814814814814814814814814814814814814814814814814814814814814814814814814814815	-0.38474776366947463709236652429744885093775492456264821760484172779163516821414882701788007015577936645862870205512314784601374485	1
0.57022248808851927358928274617477279570133506298284135903071834714466930597820577352465718082543162985205798894334377054484607246e-1	0.14814814814814814814814814814814814814814814814814814814814814814814814814814814814814814814814814814814814814814814814814814815	0.3850489004591556256751453896584534931364737433611276139548960978860069272818683141428259290024370223690564536610878006204480769	1
-0.57022248808851927358928274617477279570133506298284135903071834714466930597820577352465718082543162985205798894334377054484607246e-1	0.14814814814814814814814814814814814814814814814814814814814814814814814814814814814814814814814814814814814814814814814814814815	-0.38475502051070130078903817185638795296427429859194890878135689041932764160206201369177968357189998347863384423511674899351503852	1
0.57022248808851927358928274617477279570133506298284135903071834714466930597820577352465718082543162985205798894334377054484607246e-1	0.14814814814814814814814814814814814814814814814814814814814814814814814814814814814814814814814814814814814814814814814814814815	0.38504190281575957996755043416683785025032860515514127335480517910723228040150204905658123878052235922043392711725591133092302635	1
-0.57022248808851927358928274617477279570133506298284135903071834714466930597820577352465718082543162985205798894334377054484607246e-1	0.14814814814814814814814814814814814814814814814814814814814814814814814814814814814814814814814814814814814814814814814814814815	-0.38476177115525223977657208204167405924372988723660130834919509193510852894013318778658304342394835707055436745025185480635241379	1
0.57022248808851927358928274617477279570133506298284135903071834714466930597820577352465718082543162985205798894334377054484607246e-1	0.14814814814814814814814814814814814814814814814814814814814814814814814814814814814814814814814814814814814814814814814814814815	0.38503538768041032578958575631805276203079705718350985893578355928208931533734406208317280203282887043137224150917456810316861108	1
-0.57022248808851927358928274617477279570133506298284135903071834714466930597820577352465718082543162985205798894334377054484607246e-1	0.14814814814814814814814814814814814814814814814814814814814814814814814814814814814814814814814814814814814814814814814814814815	-0.38476806161062909336942327208519980462383385346929055573918183900622953288949685062366070631862757356142200685172599742322756608	1
0.57022248808851927358928274617477279570133506298284135903071834714466930597820577352465718082543162985205798894334377054484607246e-1	0.14814814814814814814814814814814814814814814814814814814814814814814814814814814814814814814814814814814814814814814814814814815	0.3850293116911554683504518040811947775942689361084592396597844710995112856675203020878212830075795732906350103053520864400851485	1
-0.57022248808851927358928274617477279570133506298284135903071834714466930597820577352465718082543162985205798894334377054484607246e-1	0.14814814814814814814814814814814814814814814814814814814814814814814814814814814814814814814814814814814814814814814814814814815	-0.38477393277372601781567710224769641932286777526496443924953490957198898643366031487942765210072145682858883323237628511272123147	1
0.57022248808851927358928274617477279570133506298284135903071834714466930597820577352465718082543162985205798894334377054484607246e-1	0.14814814814814814814814814814814814814814814814814814814814814814814814814814814814814814814814814814814814814814814814814814815	0.3850236362498739664628893104580950938885246243035413741358583411127752383254123539192670538472898069402625993268805019078945557	1
-0.57022248808851927358928274617477279570133506298284135903071834714466930597820577352465718082543162985205798894334377054484607246e-1	0.14814814814814814814814814814814814814814814814814814814814814814814814814814814814814814814814814814814814814814814814814814815	-0.38477942109723390539791982058018030754882985970035186252143830178431100143626703986552809168341921816124891188828463840360614299	1
0.57022248808851927358928274617477279570133506298284135903071834714466930597820577352465718082543162985205798894334377054484607246e-1	0.14814814814814814814814814814814814814814814814814814814814814814814814814814814814814814814814814814814814814814814814814814815	0.38501832690776563254611178939575991687155806732438200052153828696915461707404126007810389951463326886469490813222018311399038057	1
-0.57022248808851927358928274617477279570133506298284135903071834714466930597820577352465718082543162985205798894334377054484607246e-1	0.14814814814814814814814814814814814814814814814814814814814814814814814814814814814814814814814814814814814814814814814814814815	-0.38478455915682531600875845396858442470390469393265713575248711001348309151332103957335680089576040726656878758242706477322259619	1
0.57022248808851927358928274617477279570133506298284135903071834714466930597820577352465718082543162985205798894334377054484607246e-1	0.14814814814814814814814814814814814814814814814814814814814814814814814814814814814814814814814814814814814814814814814814814815	0.38501335284137115249757345891921654429622823858630157510942886349874956333700913252977736799424194996906173194372852542560269692	1
-0.57022248808851927358928274617477279570133506298284135903071834714466930597820577352465718082543162985205798894334377054484607246e-1	0.14814814814814814814814814814814814814814814814814814814814814814814814814814814814814814814814814814814814814814814814814814815	-0.38478937613565078668107610297545086147513246945247608909088723889328890064886230433135966353916080998393415638717255758314506013	1
0.57022248808851927358928274617477279570133506298284135903071834714466930597820577352465718082543162985205798894334377054484607246e-1	0.14814814814814814814814814814814814814814814814814814814814814814814814814814814814814814814814814814814814814814814814814814815	0.38500868640419495411721029811241608154284561195786236179017932876709622597973334157358804150161079459458358698120148956221554335	1
-0.57022248808851927358928274617477279570133506298284135903071834714466930597820577352465718082543162985205798894334377054484607246e-1	0.14814814814814814814814814814814814814814814814814814814814814814814814814814814814814814814814814814814814814814814814814814815	-0.38479389823964210282825527868657085061737236530276853909087251850269216839893009173005761555009864901293008737680380885461879792	1
0.57022248808851927358928274617477279570133506298284135903071834714466930597820577352465718082543162985205798894334377054484607246e-1	0.14814814814814814814814814814814814814814814814814814814814814814814814814814814814814814814814814814814814814814814814814814815	0.38500430274171635723628105566713865084267438700529630135239877436846602560026182507583247669065239763035571896324600804988271907	1
-0.57022248808851927358928274617477279570133506298284135903071834714466930597820577352465718082543162985205798894334377054484607246e-1	0.14814814814814814814814814814814814814814814814814814814814814814814814814814814814814814814814814814814814814814814814814814815	-0.38479814905468980158175473235382001991648095529017539107290558119031834617155050308771925260251886519962388899120046925816493627	1
0.57022248808851927358928274617477279570133506298284135903071834714466930597820577352465718082543162985205798894334377054484607246e-1	0.14814814814814814814814814814814814814814814814814814814814814814814814814814814814814814814814814814814814814814814814814814815	0.38500017945975050967276585366797163709840116751341791734573488432265178153528889712914359705716635015013914253675704511777109891	1
