2
100
0.5188747756753118629090426829150354536269985406082276033178313946	1
0.6481481481481481481481481481481481481481481481481481481481481481e-1	-0.1349001794597505096727658536679716370984011675134179173457348843	1
-0.7127781101106490919866034327184659946266688287285516987883979339e-2	0.6481481481481481481481481481481481481481481481481481481481481481e-1	-0.3700141132135770259798462059738534352618903482806612855710574943	1
-0.8909726376383113649832542908980824932833360359106896234854974174e-3	0.6481481481481481481481481481481481481481481481481481481481481481e-1	-0.3224001794597505096727658536679716370984011675134179173457348843	1
-0.7127781101106490919866034327184659946266688287285516987883979339e-2	0.6481481481481481481481481481481481481481481481481481481481481481e-1	-0.4411252243246881370909573170849645463730014593917723966821686054	1
-0.8909726376383113649832542908980824932833360359106896234854974174e-3	0.6481481481481481481481481481481481481481481481481481481481481481e-1	-0.3571224016819727318949880758901938593206233897356401395679571065	1
-0.7127781101106490919866034327184659946266688287285516987883979339e-2	0.6481481481481481481481481481481481481481481481481481481481481481e-1	-0.4607170610593820146419777252482298524954504389836091313760461564	1
-0.8909726376383113649832542908980824932833360359106896234854974174e-3	0.6481481481481481481481481481481481481481481481481481481481481481e-1	-0.3692751794597505096727658536679716370984011675134179173457348843	1
-0.7127781101106490919866034327184659946266688287285516987883979339e-2	0.6481481481481481481481481481481481481481481481481481481481481481e-1	-0.4687795453123424580786116380726188673606557803794267176698229264	1
-0.8909726376383113649832542908980824932833360359106896234854974174e-3	0.6481481481481481481481481481481481481481481481481481481481481481e-1	-0.3749001794597505096727658536679716370984011675134179173457348843	1
-0.7127781101106490919866034327184659946266688287285516987883979339e-2	0.6481481481481481481481481481481481481481481481481481481481481481e-1	-0.4728607615147707817190564906386835546374642693091277685829950517	1
-0.8909726376383113649832542908980824932833360359106896234854974174e-3	0.6481481481481481481481481481481481481481481481481481481481481481e-1	-0.3779557350153060652283214092235271926539567230689734729012904399	1
-0.7127781101106490919866034327184659946266688287285516987883979339e-2	0.6481481481481481481481481481481481481481481481481481481481481481e-1	-0.475208064561374527623501695783189398444007376551535710291636061	1
-0.8909726376383113649832542908980824932833360359106896234854974174e-3	0.6481481481481481481481481481481481481481481481481481481481481481e-1	-0.3797981386434239790605209557087879636290134124113771010192042721	1
-0.7127781101106490919866034327184659946266688287285516987883979339e-2	0.6481481481481481481481481481481481481481481481481481481481481481e-1	-0.476680779880243692646512872640520101928557014947327952237724161	1
-0.8909726376383113649832542908980824932833360359106896234854974174e-3	0.6481481481481481481481481481481481481481481481481481481481481481e-1	-0.3809939294597505096727658536679716370984011675134179173457348843	1
-0.7127781101106490919866034327184659946266688287285516987883979339e-2	0.6481481481481481481481481481481481481481481481481481481481481481e-1	-0.4776650167122313896861130264275251000062194524713571717686737957	1
-0.8909726376383113649832542908980824932833360359106896234854974174e-3	0.6481481481481481481481481481481481481481481481481481481481481481e-1	-0.3818137597066640899196794339148852173453147477603314975926484646	1
-0.7127781101106490919866034327184659946266688287285516987883979339e-2	0.6481481481481481481481481481481481481481481481481481481481481481e-1	-0.4783551412221950622987135497719451557912840078682266903109774697	1
-0.8909726376383113649832542908980824932833360359106896234854974174e-3	0.6481481481481481481481481481481481481481481481481481481481481481e-1	-0.3824001794597505096727658536679716370984011675134179173457348843	1
-0.7127781101106490919866034327184659946266688287285516987883979339e-2	0.6481481481481481481481481481481481481481481481481481481481481481e-1	-0.4788576506285430123744040291031051359421624571241987005370438889	1
-0.8909726376383113649832542908980824932833360359106896234854974174e-3	0.6481481481481481481481481481481481481481481481481481481481481481e-1	-0.3828340637572711708297906470564013891645168699927567603209414959	1
-0.7127781101106490919866034327184659946266688287285516987883979339e-2	0.6481481481481481481481481481481481481481481481481481481481481481e-1	-0.4792348651564461711174223454403520700024910624163470658693141631	1
-0.8909726376383113649832542908980824932833360359106896234854974174e-3	0.6481481481481481481481481481481481481481481481481481481481481481e-1	-0.3831640683486393985616547425568605259872900564023068062346237732	1
-0.7127781101106490919866034327184659946266688287285516987883979339e-2	0.6481481481481481481481481481481481481481481481481481481481481481e-1	-0.4795252243246881370909573170849645463730014593917723966821686054	1
-0.8909726376383113649832542908980824932833360359106896234854974174e-3	0.6481481481481481481481481481481481481481481481481481481481481481e-1	-0.3834208895189221073059019483425278501161526468033587457481017482	1
-0.7127781101106490919866034327184659946266688287285516987883979339e-2	0.6481481481481481481481481481481481481481481481481481481481481481e-1	-0.4797534822122052838673633527502594709271852728348450990141301966	1
-0.8909726376383113649832542908980824932833360359106896234854974174e-3	0.6481481481481481481481481481481481481481481481481481481481481481e-1	-0.3836246692556688770197046291781757187310542287379077132641022313	1
-0.7127781101106490919866034327184659946266688287285516987883979339e-2	0.6481481481481481481481481481481481481481481481481481481481481481e-1	-0.4799361636825953903608740828400180541018956329946261422231911976	1
-0.8909726376383113649832542908980824932833360359106896234854974174e-3	0.6481481481481481481481481481481481481481481481481481481481481481e-1	-0.3837890683486393985616547425568605259872900564023068062346237732	1
-0.7127781101106490919866034327184659946266688287285516987883979339e-2	0.6481481481481481481481481481481481481481481481481481481481481481e-1	-0.4800846415983613941148907197904796348225331971649253623429386366	1
-0.8909726376383113649832542908980824932833360359106896234854974174e-3	0.6481481481481481481481481481481481481481481481481481481481481481e-1	-0.3839236169597505096727658536679716370984011675134179173457348843	1
-0.7127781101106490919866034327184659946266688287285516987883979339e-2	0.6481481481481481481481481481481481481481481481481481481481481481e-1	-0.4802069506791417642718572252575999917357195493825896602267048772	1
-0.8909726376383113649832542908980824932833360359106896234854974174e-3	0.6481481481481481481481481481481481481481481481481481481481481481e-1	-0.3840351275566363228215547810036117755067056657833141111173611819	1
-0.7127781101106490919866034327184659946266688287285516987883979339e-2	0.6481481481481481481481481481481481481481481481481481481481481481e-1	-0.4803088977940758921929981334114951586178994185754458660699237074	1
-0.8909726376383113649832542908980824932833360359106896234854974174e-3	0.6481481481481481481481481481481481481481481481481481481481481481e-1	-0.3841285745214789047344942487297000321601295625751463124074632794	1
-0.7127781101106490919866034327184659946266688287285516987883979339e-2	0.6481481481481481481481481481481481481481481481481481481481481481e-1	-0.4803947641347684877118484785166665186155142424450959905463030101	1
-0.8909726376383113649832542908980824932833360359106896234854974174e-3	0.6481481481481481481481481481481481481481481481481481481481481481e-1	-0.3842076586841272409747049118397167894529718046325314907529371004	1
-0.7127781101106490919866034327184659946266688287285516987883979339e-2	0.6481481481481481481481481481481481481481481481481481481481481481e-1	-0.4804677621287644027056844702736561966031132279650794315276649894	1
-0.8909726376383113649832542908980824932833360359106896234854974174e-3	0.6481481481481481481481481481481481481481481481481481481481481481e-1	-0.3842751794597505096727658536679716370984011675134179173457348843	1
-0.7127781101106490919866034327184659946266688287285516987883979339e-2	0.6481481481481481481481481481481481481481481481481481481481481481e-1	-0.4805303403270676730814391731230371222207111560009336102455237511	1
-0.8909726376383113649832542908980824932833360359106896234854974174e-3	0.6481481481481481481481481481481481481481481481481481481481481481e-1	-0.3843332860357142284936275316725067844906914169465244933094537052	1
-0.7127781101106490919866034327184659946266688287285516987883979339e-2	0.6481481481481481481481481481481481481481481481481481481481481481e-1	-0.4805843914420488726236777064846400466434179007114046303219739056	1
-0.8909726376383113649832542908980824932833360359106896234854974174e-3	0.6481481481481481481481481481481481481481481481481481481481481481e-1	-0.3843836505341306749620220520150790751149300931332526280895365372	1
-0.7127781101106490919866034327184659946266688287285516987883979339e-2	0.6481481481481481481481481481481481481481481481481481481481481481e-1	-0.4806313971641943099304634899244707192125076322312785695216747782	1
-0.8909726376383113649832542908980824932833360359106896234854974174e-3	0.6481481481481481481481481481481481481481481481481481481481481481e-1	-0.3844275896676900181793821107568185180057735682695615846425212737	1
-0.7127781101106490919866034327184659946266688287285516987883979339e-2	0.6481481481481481481481481481481481481481481481481481481481481481e-1	-0.4806725307982055657917268960799849175816931751002377656273926887	1
-0.8909726376383113649832542908980824932833360359106896234854974174e-3	0.6481481481481481481481481481481481481481481481481481481481481481e-1	-0.3844661516819727318949880758901938593206233897356401395679571065	1
-0.7127781101106490919866034327184659946266688287285516987883979339e-2	0.6481481481481481481481481481481481481481481481481481481481481481e-1	-0.4807087311968247468368965090882964913959085814242588606555130452	1
-0.8909726376383113649832542908980824932833360359106896234854974174e-3	0.6481481481481481481481481481481481481481481481481481481481481481e-1	-0.3845001794597505096727658536679716370984011675134179173457348843	1
-0.7127781101106490919866034327184659946266688287285516987883979339e-2	0.6481481481481481481481481481481481481481481481481481481481481481e-1	-0.4807407568121929429348635070119157189989145697339484828028914043	1
-0.8909726376383113649832542908980824932833360359106896234854974174e-3	0.6481481481481481481481481481481481481481481481481481481481481481e-1	-0.3845303569745434090810498773366106903528390373359031244463266003	1
-0.7127781101106490919866034327184659946266688287285516987883979339e-2	0.6481481481481481481481481481481481481481481481481481481481481481e-1	-0.4807692257486824411137412259493290889148312920724416740050593138	1
-0.8909726376383113649832542908980824932833360359106896234854974174e-3	0.6481481481481481481481481481481481481481481481481481481481481481e-1	-0.3845572439316297963668673625842953682369471208741860929287252821	1
-0.7127781101106490919866034327184659946266688287285516987883979339e-2	0.6481481481481481481481481481481481481481481481481481481481481481e-1	-0.4807946458122914428760812840271133067035799717884666115582016633	1
-0.8909726376383113649832542908980824932833360359106896234854974174e-3	0.6481481481481481481481481481481481481481481481481481481481481481e-1	-0.3845813019087301015095005475455226575065644328195403663253267211	1
-0.7127781101106490919866034327184659946266688287285516987883979339e-2	0.6481481481481481481481481481481481481481481481481481481481481481e-1	-0.4808174373133000176695968984946290585305884092224895404187029237	1
-0.8909726376383113649832542908980824932833360359106896234854974174e-3	0.6481481481481481481481481481481481481481481481481481481481481481e-1	-0.3846029142992273229902450451067350140306247109141313537309905324	1
-0.7127781101106490919866034327184659946266688287285516987883979339e-2	0.6481481481481481481481481481481481481481481481481481481481481481e-1	-0.4808379505527835119832296526207301309751272853038666224793533224	1
-0.8909726376383113649832542908980824932833360359106896234854974174e-3	0.6481481481481481481481481481481481481481481481481481481481481481e-1	-0.3846224016819727318949880758901938593206233897356401395679571065	1
-0.7127781101106490919866034327184659946266688287285516987883979339e-2	0.6481481481481481481481481481481481481481481481481481481481481481e-1	-0.480856479363656156440594511387571372495011671700291611946882392	1
-0.8909726376383113649832542908980824932833360359106896234854974174e-3	0.6481481481481481481481481481481481481481481481481481481481481481e-1	-0.3846400337781688239287492043443504092107841019567061587609273921	1
-0.7127781101106490919866034327184659946266688287285516987883979339e-2	0.6481481481481481481481481481481481481481481481481481481481481481e-1	-0.4808732716917831232335625073092023896584637924731530971104880813	1
-0.8909726376383113649832542908980824932833360359106896234854974174e-3	0.6481481481481481481481481481481481481481481481481481481481481481e-1	-0.3846560388347505096727658536679716370984011675134179173457348843	1
-0.7127781101106490919866034327184659946266688287285516987883979339e-2	0.6481481481481481481481481481481481481481481481481481481481481481e-1	-0.4808885379341555927122590922328935404558416960781629292265473036	1
-0.8909726376383113649832542908980824932833360359106896234854974174e-3	0.6481481481481481481481481481481481481481481481481481481481481481e-1	-0.3846706110483639164679908307111304984390806900111222332318689523	1
-0.7127781101106490919866034327184659946266688287285516987883979339e-2	0.6481481481481481481481481481481481481481481481481481481481481481e-1	-0.4809024575614892063714206719524183222696376812674685428171652639	1
-0.8909726376383113649832542908980824932833360359106896234854974174e-3	0.6481481481481481481481481481481481481481481481481481481481481481e-1	-0.3846839164839719629599630855018816717004772920808919657886414587	1
-0.7127781101106490919866034327184659946266688287285516987883979339e-2	0.6481481481481481481481481481481481481481481481481481481481481481e-1	-0.4809151844171056964272312091244520489985003041722806932585181118	1
-0.8909726376383113649832542908980824932833360359106896234854974174e-3	0.6481481481481481481481481481481481481481481481481481481481481481e-1	-0.3846960978270974484482760577496042901596256573093362846926736598	1
-0.7127781101106490919866034327184659946266688287285516987883979339e-2	0.6481481481481481481481481481481481481481481481481481481481481481e-1	-0.480926850986064848061002942952847902849890965442159224692484019	1
-0.8909726376383113649832542908980824932833360359106896234854974174e-3	0.6481481481481481481481481481481481481481481481481481481481481481e-1	-0.3847072782251826084381979524334037358638332662788500161111669831	1
-0.7127781101106490919866034327184659946266688287285516987883979339e-2	0.6481481481481481481481481481481481481481481481481481481481481481e-1	-0.4809375718570581877571235771712846814827781529552927569749064549	1
-0.8909726376383113649832542908980824932833360359106896234854974174e-3	0.6481481481481481481481481481481481481481481481481481481481481481e-1	-0.3847175644122705973279886440258971301590293632767488158117684855	1
-0.7127781101106490919866034327184659946266688287285516987883979339e-2	0.6481481481481481481481481481481481481481481481481481481481481481e-1	-0.4809474465469103593131795393071867685952236816139946189043908276	1
-0.8909726376383113649832542908980824932833360359106896234854974174e-3	0.6481481481481481481481481481481481481481481481481481481481481481e-1	-0.3847270492658446924982506182109079251870438267931963106975354383	1
-0.7127781101106490919866034327184659946266688287285516987883979339e-2	0.6481481481481481481481481481481481481481481481481481481481481481e-1	-0.4809565618183632931037756675656526893988068228594735267209609819	1
-0.8909726376383113649832542908980824932833360359106896234854974174e-3	0.6481481481481481481481481481481481481481481481481481481481481481e-1	-0.3847358139107695760764476419651445496559291096567446760571089803	1
-0.7127781101106490919866034327184659946266688287285516987883979339e-2	0.6481481481481481481481481481481481481481481481481481481481481481e-1	-0.4809649935924336906881372561972862896833683877686350789446265448	1
-0.8909726376383113649832542908980824932833360359106896234854974174e-3	0.6481481481481481481481481481481481481481481481481481481481481481e-1	-0.3847439294597505096727658536679716370984011675134179173457348843	1
-0.7127781101106490919866034327184659946266688287285516987883979339e-2	0.6481481481481481481481481481481481481481481481481481481481481481e-1	-0.4809728085344122645105579877144417602123552164410026969412754489	1
-0.8909726376383113649832542908980824932833360359106896234854974174e-3	0.6481481481481481481481481481481481481481481481481481481481481481e-1	-0.3847514584603453936703863176774897810603285916657082207365736708	1
-0.7127781101106490919866034327184659946266688287285516987883979339e-2	0.6481481481481481481481481481481481481481481481481481481481481481e-1	-0.4809800653756389282072296352733808622388745904703033881177906115	1
-0.8909726376383113649832542908980824932833360359106896234854974174e-3	0.6481481481481481481481481481481481481481481481481481481481481481e-1	-0.3847584561037414393779812731691054239464737298716945613366645895	1
-0.7127781101106490919866034327184659946266688287285516987883979339e-2	0.6481481481481481481481481481481481481481481481481481481481481481e-1	-0.480986816020189867194763545458666968518330179114955787685628813	1
-0.8909726376383113649832542908980824932833360359106896234854974174e-3	0.6481481481481481481481481481481481481481481481481481481481481481e-1	-0.3847649712390906935559459510178905121660052778433259757556862094	1
-0.7127781101106490919866034327184659946266688287285516987883979339e-2	0.6481481481481481481481481481481481481481481481481481481481481481e-1	-0.4809931064755667207876147355021927138984341453476450350756155601	1
-0.8909726376383113649832542908980824932833360359106896234854974174e-3	0.6481481481481481481481481481481481481481481481481481481481481481e-1	-0.3847710472283455509950799032547484966025333989183765950316852975	1
-0.7127781101106490919866034327184659946266688287285516987883979339e-2	0.6481481481481481481481481481481481481481481481481481481481481481e-1	-0.4809989776386636452338685656646893285974680671433189185859686307	1
-0.8909726376383113649832542908980824932833360359106896234854974174e-3	0.6481481481481481481481481481481481481481481481481481481481481481e-1	-0.3847767226696270528826423968778481803082777107232944605556114275	1
-0.7127781101106490919866034327184659946266688287285516987883979339e-2	0.6481481481481481481481481481481481481481481481481481481481481481e-1	-0.4810044659621715328161112839971732168234301515787063418578720229	1
-0.8909726376383113649832542908980824932833360359106896234854974174e-3	0.6481481481481481481481481481481481481481481481481481481481481481e-1	-0.3847820320117353867994199179401833573252442677024538341699314817	1
-0.7127781101106490919866034327184659946266688287285516987883979339e-2	0.6481481481481481481481481481481481481481481481481481481481481481e-1	-0.4810096040217629434269499173855773339785049858110116150889208311	1
-0.8909726376383113649832542908980824932833360359106896234854974174e-3	0.6481481481481481481481481481481481481481481481481481481481481481e-1	-0.3847870060781298668479582484167267299005740964405342595820409051	1
-0.7127781101106490919866034327184659946266688287285516987883979339e-2	0.6481481481481481481481481481481481481481481481481481481481481481e-1	-0.48101442100058841409926756639244377074973276133083056842732096	1
-0.8909726376383113649832542908980824932833360359106896234854974174e-3	0.6481481481481481481481481481481481481481481481481481481481481481e-1	-0.3847916725153060652283214092235271926539567230689734729012904399	1
-0.7127781101106490919866034327184659946266688287285516987883979339e-2	0.6481481481481481481481481481481481481481481481481481481481481481e-1	-0.4810189431045797302464467421035637598919726571811230184273062396	1
-0.8909726376383113649832542908980824932833360359106896234854974174e-3	0.6481481481481481481481481481481481481481481481481481481481481481e-1	-0.3847960561777846621092506516688046233541279480215395333390709943	1
-0.7127781101106490919866034327184659946266688287285516987883979339e-2	0.6481481481481481481481481481481481481481481481481481481481481481e-1	-0.4810231939196274289999461957708129291910812471685298704093393023	1
-0.8909726376383113649832542908980824932833360359106896234854974174e-3	0.6481481481481481481481481481481481481481481481481481481481481481e-1	-0.3848001794597505096727658536679716370984011675134179173457348843
100
100
1
0
4.1
0.1
