
Date:8/2/2009
Time:13:8:19
Output format: Text
Calculations precision: 64

0.00000000	0.00000000	0.00000000	1.0000000
0.00000000	0.00000000	0.00000000	1.0000000
1.0000000	0.00000000	0.00000000	1.0000000
2.0000000	0.00000000	0.00000000	1.0000000
1.5000000	0.00000000	0.00000000	1.0000000
1.3333333	0.00000000	0.00000000	1.0000000
1.2500000	0.00000000	0.00000000	1.0000000
1.2000000	0.00000000	0.00000000	1.0000000
1.1666667	0.00000000	0.00000000	1.0000000
1.1428571	0.00000000	0.00000000	1.0000000
1.1250000	0.00000000	0.00000000	1.0000000
1.1111111	0.00000000	0.00000000	1.0000000
1.1000000	0.00000000	0.00000000	1.0000000
1.0909091	0.00000000	0.00000000	1.0000000
1.0833333	0.00000000	0.00000000	1.0000000
1.0769231	0.00000000	0.00000000	1.0000000
1.0714286	0.00000000	0.00000000	1.0000000
1.0666667	0.00000000	0.00000000	1.0000000
1.0625000	0.00000000	0.00000000	1.0000000
1.0588235	0.00000000	0.00000000	1.0000000
1.0555556	0.00000000	0.00000000	1.0000000
1.0526316	0.00000000	0.00000000	1.0000000
1.0500000	0.00000000	0.00000000	1.0000000
1.0476190	0.00000000	0.00000000	1.0000000
1.0454545	0.00000000	0.00000000	1.0000000
1.0434783	0.00000000	0.00000000	1.0000000
1.0416667	0.00000000	0.00000000	1.0000000
1.0400000	0.00000000	0.00000000	1.0000000
1.0384615	0.00000000	0.00000000	1.0000000
1.0370370	0.00000000	0.00000000	1.0000000
1.0357143	0.00000000	0.00000000	1.0000000
1.0344828	0.00000000	0.00000000	1.0000000
1.0333333	0.00000000	0.00000000	1.0000000
1.0322581	0.00000000	0.00000000	1.0000000
1.0312500	0.00000000	0.00000000	1.0000000
1.0303030	0.00000000	0.00000000	1.0000000
1.0294118	0.00000000	0.00000000	1.0000000
1.0285714	0.00000000	0.00000000	1.0000000
1.0277778	0.00000000	0.00000000	1.0000000
1.0270270	0.00000000	0.00000000	1.0000000
1.0263158	0.00000000	0.00000000	1.0000000
1.0256410	0.00000000	0.00000000	1.0000000
1.0250000	0.00000000	0.00000000	1.0000000
1.0243902	0.00000000	0.00000000	1.0000000
1.0238095	0.00000000	0.00000000	1.0000000
1.0232558	0.00000000	0.00000000	1.0000000
1.0227273	0.00000000	0.00000000	1.0000000
1.0222222	0.00000000	0.00000000	1.0000000
1.0217391	0.00000000	0.00000000	1.0000000
1.0212766	0.00000000	0.00000000	1.0000000
1.0208333	0.00000000	0.00000000	1.0000000
1.0204082	0.00000000	0.00000000	1.0000000
1.0200000	0.00000000	0.00000000	1.0000000
1.0196078	0.00000000	0.00000000	1.0000000
1.0192308	0.00000000	0.00000000	1.0000000
1.0188679	0.00000000	0.00000000	1.0000000
1.0185185	0.00000000	0.00000000	1.0000000
1.0181818	0.00000000	0.00000000	1.0000000
1.0178571	0.00000000	0.00000000	1.0000000
1.0175439	0.00000000	0.00000000	1.0000000
1.0172414	0.00000000	0.00000000	1.0000000
1.0169492	0.00000000	0.00000000	1.0000000
1.0166667	0.00000000	0.00000000	1.0000000
1.0163934	0.00000000	0.00000000	1.0000000
1.0161290	0.00000000	0.00000000	1.0000000
1.0158730	0.00000000	0.00000000	1.0000000
1.0156250	0.00000000	0.00000000	1.0000000
1.0153846	0.00000000	0.00000000	1.0000000
1.0151515	0.00000000	0.00000000	1.0000000
1.0149254	0.00000000	0.00000000	1.0000000
1.0147059	0.00000000	0.00000000	1.0000000
1.0144928	0.00000000	0.00000000	1.0000000
1.0142857	0.00000000	0.00000000	1.0000000
1.0140845	0.00000000	0.00000000	1.0000000
1.0138889	0.00000000	0.00000000	1.0000000
1.0136986	0.00000000	0.00000000	1.0000000
1.0135135	0.00000000	0.00000000	1.0000000
1.0133333	0.00000000	0.00000000	1.0000000
1.0131579	0.00000000	0.00000000	1.0000000
1.0129870	0.00000000	0.00000000	1.0000000
1.0128205	0.00000000	0.00000000	1.0000000
1.0126582	0.00000000	0.00000000	1.0000000
1.0125000	0.00000000	0.00000000	1.0000000
1.0123457	0.00000000	0.00000000	1.0000000
1.0121951	0.00000000	0.00000000	1.0000000
1.0120482	0.00000000	0.00000000	1.0000000
1.0119048	0.00000000	0.00000000	1.0000000
1.0117647	0.00000000	0.00000000	1.0000000
1.0116279	0.00000000	0.00000000	1.0000000
1.0114943	0.00000000	0.00000000	1.0000000
1.0113636	0.00000000	0.00000000	1.0000000
1.0112360	0.00000000	0.00000000	1.0000000
1.0111111	0.00000000	0.00000000	1.0000000
1.0109890	0.00000000	0.00000000	1.0000000
1.0108696	0.00000000	0.00000000	1.0000000
1.0107527	0.00000000	0.00000000	1.0000000
1.0106383	0.00000000	0.00000000	1.0000000
1.0105263	0.00000000	0.00000000	1.0000000
1.0104167	0.00000000	0.00000000	1.0000000
1.0103093	0.00000000	0.00000000	0.00000000
Approximation rate: from 100 to 100 by 1
Interval [0.00000000,4.1000000] step = 0.10000000
Final Solution for interval [0.00000000,4.1000000] with step = 0.10000000
0.00000000	0.10000000	0.20000000	0.30000000	0.40000000	0.50000000	0.60000000	0.70000000	0.80000000	0.90000000	1.0000000	1.1000000	1.2000000	1.3000000	1.4000000	1.5000000	1.6000000	1.7000000	1.8000000	1.9000000	2.0000000	2.1000000	2.2000000	2.3000000	2.4000000	2.5000000	2.6000000	2.7000000	2.8000000	2.9000000	3.0000000	3.1000000	3.2000000	3.3000000	3.4000000	3.5000000	3.6000000	3.7000000	3.8000000	3.9000000	4.0000000	
1.0000000	1.4358735	2.0751415	2.9285326	3.9215842	4.9023902	5.7269987	6.3358808	6.7490554	7.0183971	7.1931155	7.3086511	7.3876154	7.4436910	7.4850322	7.5165368	7.5412151	7.5609776	7.5770826	7.5903901	7.6015088	7.6108832	7.6188461	7.6256520	7.6314990	7.6365431	7.6409089	7.6446966	7.6479880	7.6508505	7.6533404	7.6555055	7.6573871	7.6590210	7.6604389	7.6616686	7.6627348	7.6636595	7.6644618	7.6651588	7.6657650
2.0000000	2.3243088	2.4761226	2.3552100	1.9722551	1.4597928	0.97634436	0.60971410	0.36777543	0.22064448	0.13472001	0.085100358	0.056157393	0.038834842	0.028078326	0.021104213	0.016375207	0.013029712	0.010572951	0.0087116043	0.0072652403	0.0061184196	0.0051943695	0.0044401695	0.0038181740	0.0033008771	0.0028677254	0.0025030641	0.0021947661	0.0019332875	0.0017110014	0.0015217215	0.0013603591	0.0012226760	0.0011051063	0.0010046283	0.00091867033	0.00084503947	0.00078186634	0.00072755970	0.00068076806
1.5000000	1.3723029	1.1403963	0.86785113	0.61647085	0.41872797	0.27844048	0.18486722	0.12434999	0.085544558	0.060481511	0.044003191	0.032902885	0.025217979	0.019747455	0.015748699	0.012754442	0.010464118	0.0086795930	0.0072669184	0.0061332766	0.0052128470	0.0044579620	0.0038334495	0.0033129288	0.0028763272	0.0025081741	0.0021964030	0.0019314902	0.0017058272	0.0015132568	0.0013487303	0.0012080543	0.0010877056	0.00098469674	0.00089647793	0.00082086540	0.00075598671	0.00070023775	0.00065224720	0.00061084600
1.3333333	1.1819070	1.0367672	0.93287069	0.89037185	0.91895752	1.0249371	1.2155687	1.4988222	1.8786226	2.3471910	2.8789201	3.4320235	3.9601369	4.4272993	4.8163788	5.1275712	5.3713714	5.5616762	5.7115737	5.8316656	5.9298783	6.0118921	6.0817007	6.1421041	6.1950816	6.2420547	6.2840645	6.3218894	6.3561225	6.3872237	6.4155545	6.4414030	6.4650026	6.4865462	6.5061969	6.5240976	6.5403768	6.5551537	6.5685417	6.5806492
1.2500000	1.2056233	1.1989595	1.2371089	1.3182214	1.4324740	1.5617906	1.6796003	1.7533233	1.7518382	1.6571423	1.4745525	1.2333866	0.97521305	0.73694480	0.53997875	0.38967427	0.28109183	0.20525159	0.15313604	0.11739083	0.092630573	0.075150131	0.062492080	0.053058745	0.045819606	0.040108944	0.035492668	0.031683214	0.028486074	0.025766452	0.023428484	0.021402179	0.019635122	0.018087093	0.016726498	0.015527953	0.014470620	0.013537038	0.012712310	0.011983535
1.2000000	1.1772991	1.1724309	1.1772845	1.1797985	1.1666878	1.1267320	1.0541945	0.95103722	0.82649121	0.69382812	0.56596907	0.45216253	0.35689181	0.28064296	0.22144627	0.17630413	0.14213677	0.11625433	0.096507311	0.081266755	0.069336592	0.059853678	0.052199503	0.045930637	0.040727223	0.036356224	0.032645714	0.029467100	0.026722840	0.024337940	0.022253992	0.020424951	0.018814070	0.017391659	0.016133397	0.015019069	0.014031602	0.013156356	0.012380590	0.011693085
1.1666667	1.1485614	1.1328279	1.1133984	1.0855090	1.0472529	1.0003696	0.95004993	0.90389352	0.87053801	0.85858458	0.87617740	0.93116929	1.0314683	1.1850029	1.3987529	1.6765226	2.0157652	2.4048138	2.8226681	3.2427567	3.6395544	3.9946656	4.2994282	4.5537389	4.7629072	4.9345055	5.0762077	5.1946973	5.2953256	5.3821703	5.4582519	5.5257763	5.5863477	5.6411365	5.6910032	5.7365881	5.7783756	5.8167396	5.8519771	5.8843318
1.1428571	1.1295379	1.1178790	1.1066620	1.0964885	1.0897756	1.0902811	1.1023235	1.1298907	1.1757552	1.2406040	1.3221331	1.4141425	1.5058951	1.5823027	1.6256514	1.6192892	1.5527630	1.4265119	1.2533901	1.0553074	0.85621570	0.67519110	0.52292278	0.40214003	0.31025019	0.24219991	0.19250891	0.15633290	0.12982825	0.11013782	0.095223466	0.083668113	0.074500846	0.067060470	0.060896266	0.055698782	0.051252879	0.047406384	0.044049359	0.041100422
1.1250000	1.1149998	1.1068194	1.1005983	1.0970823	1.0971608	1.1013020	1.1090158	1.1184591	1.1262830	1.1278241	1.1177183	1.0909416	1.0441049	0.97661551	0.89120999	0.79351671	0.69073611	0.58996059	0.49679355	0.41468050	0.34496088	0.28737027	0.24067330	0.20321005	0.17327093	0.14930542	0.13000848	0.11433245	0.10146150	0.090772099	0.081792446	0.074166860	0.067626801	0.061968466	0.057035957	0.052708844	0.048893054	0.045514207	0.042512710	0.039840128
1.1111111	1.1032747	1.0966603	1.0910867	1.0863256	1.0818569	1.0767200	1.0695199	1.0586115	1.0424458	1.0200152	0.99129068	0.95752763	0.92134136	0.88653590	0.85776395	0.84016246	0.83910266	0.86012072	0.90898795	0.99177554	1.1146902	1.2834250	1.5018398	1.7700454	2.0824582	2.4268941	2.7857622	3.1394703	3.4707377	3.7678487	4.0256460	4.2444792	4.4281902	4.5821599	4.7119289	4.8224472	4.9177899	5.0011464	5.0749360	5.1409593
1.1000000	1.0936892	1.0882095	1.0833358	1.0787987	1.0742699	1.0694300	1.0641071	1.0584502	1.0530907	1.0492419	1.0487000	1.0537314	1.0668536	1.0905281	1.1267802	1.1767430	1.2401201	1.3145797	1.3951640	1.4739116	1.5400088	1.5808316	1.5840930	1.5408929	1.4488312	1.3138037	1.1492330	0.97261353	0.80082245	0.64635070	0.51581403	0.41061198	0.32867748	0.26627596	0.21931289	0.18406500	0.15747407	0.13718150	0.12144143	0.10899585
1.0909091	1.0857200	1.0811486	1.0770715	1.0734015	1.0701157	1.0673011	1.0651932	1.0641841	1.0647793	1.0674944	1.0726966	1.0804076	1.0900947	1.1004910	1.1094931	1.1141950	1.1111186	1.0966737	1.0678179	1.0227953	0.96173584	0.88687684	0.80226333	0.71298073	0.62417344	0.54017695	0.46400199	0.39722888	0.34021403	0.29244745	0.25292071	0.22042395	0.19374638	0.17178933	0.15361488	0.13845392	0.12569245	0.11484865	0.10554818	0.097501501
1.0833333	1.0789915	1.0751216	1.0716474	1.0685218	1.0657293	1.0632796	1.0611838	1.0594115	1.0578301	1.0561414	1.0538314	1.0501542	1.0441711	1.0348550	1.0212621	1.0027511	0.97921257	0.95125761	0.92031802	0.88863141	0.85912189	0.83522384	0.82071478	0.81961529	0.83617899	0.87494694	0.94078802	1.0387997	1.1739134	1.3500655	1.5689123	1.8283289	2.1212764	2.4358168	2.7567507	3.0685346	3.3583281	3.6179350	3.8441138	4.0376052
1.0769231	1.0732367	1.0699174	1.0669091	1.0641673	1.0616517	1.0593149	1.0570873	1.0548644	1.0525025	1.0498303	1.0466835	1.0429615	1.0387040	1.0341746	1.0299375	1.0269076	1.0263602	1.0298897	1.0393144	1.0565286	1.0833021	1.1210234	1.1703773	1.2309519	1.3007921	1.3759628	1.4502539	1.5152299	1.5608538	1.5768502	1.5547571	1.4902613	1.3850299	1.2471100	1.0893787	0.92644854	0.77129339	0.63294503	0.51586236	0.42066221
1.0714286	1.0682596	1.0653818	1.0627538	1.0603409	1.0581125	1.0560395	1.0540952	1.0522610	1.0505393	1.0489717	1.0476605	1.0467872	1.0466211	1.0475094	1.0498431	1.0539938	1.0602219	1.0685616	1.0786927	1.0898168	1.1005632	1.1089579	1.1124940	1.1083393	1.0936939	1.0662700	1.0248052	0.96947101	0.90202664	0.82562539	0.74429942	0.66226941	0.58328696	0.51018296	0.44469436	0.38753585	0.33862183	0.29733765	0.26278712	0.23398100
1.0666667	1.0639132	1.0613948	1.0590804	1.0569446	1.0549666	1.0531307	1.0514279	1.0498587	1.0484353	1.0471821	1.0461301	1.0453048	1.0447047	1.0442718	1.0438565	1.0431835	1.0418261	1.0392005	1.0345887	1.0271989	1.0162663	1.0011867	0.98166840	0.95787400	0.93052527	0.90094487	0.87102711	0.84315004	0.82006004	0.80476869	0.80049516	0.81066768	0.83896867	0.88937683	0.96612773	1.0734905	1.2152557	1.3938799	1.6093670	1.8581898
1.0625000	1.0600854	1.0578632	1.0558097	1.0539053	1.0521338	1.0504817	1.0489380	1.0474928	1.0461348	1.0448471	1.0436009	1.0423485	1.0410170	1.0395059	1.0376910	1.0354387	1.0326324	1.0292115	1.0252203	1.0208622	1.0165509	1.0129496	1.0109890	1.0118576	1.0169599	1.0278409	1.0460759	1.0731216	1.1101215	1.1576581	1.2154455	1.2819776	1.3541759	1.4271288	1.4940610	1.5466956	1.5761373	1.5742945	1.5356457	1.4589039
1.0588235	1.0566889	1.0547136	1.0528794	1.0511709	1.0495748	1.0480797	1.0466750	1.0453507	1.0440957	1.0428977	1.0417432	1.0406192	1.0395183	1.0384459	1.0374311	1.0365400	1.0358888	1.0356542	1.0360772	1.0374552	1.0401196	1.0443961	1.0505450	1.0586850	1.0687031	1.0801593	1.0921995	1.1034950	1.1122344	1.1161965	1.1129276	1.1000314	1.0755474	1.0383547	0.98849758	0.92732654	0.85738052	0.78201677	0.70488242	0.62937509
1.0555556	1.0536548	1.0518876	1.0502395	1.0486984	1.0472534	1.0458955	1.0446165	1.0434094	1.0422683	1.0411891	1.0401708	1.0392167	1.0383371	1.0375501	1.0368825	1.0363673	1.0360377	1.0359162	1.0359980	1.0362299	1.0364856	1.0365417	1.0360578	1.0345689	1.0314952	1.0261751	1.0179271	1.0061376	0.99036879	0.97047260	0.94669156	0.91972615	0.89075430	0.86139899	0.83365494	0.80979707	0.79229912	0.78378586	0.78703004	0.80498652
1.0526316	1.0509282	1.0493379	1.0478492	1.0464521	1.0451379	1.0438993	1.0427297	1.0416234	1.0405758	1.0395831	1.0386424	1.0377514	1.0369075	1.0361059	1.0353369	1.0345819	1.0338090	1.0329677	1.0319860	1.0307696	1.0292059	1.0271754	1.0245706	1.0213234	1.0174405	1.0130426	1.0084042	1.0039884	1.0004694	0.99873875	0.99989088	1.0051861	1.0159888	1.0336806	1.0595436	1.0946078	1.1394572	1.1939900	1.2571433	1.3266116
1.0500000	1.0484648	1.0470262	1.0456748	1.0444025	1.0432023	1.0420680	1.0409940	1.0399755	1.0390082	1.0380879	1.0372105	1.0363717	1.0355662	1.0347870	1.0340257	1.0332718	1.0325146	1.0317453	1.0309616	1.0301745	1.0294166	1.0287524	1.0282882	1.0281798	1.0286363	1.0299170	1.0323174	1.0361443	1.0416765	1.0491121	1.0585026	1.0696787	1.0821738	1.0951560	1.1073850	1.1172127	1.1226493	1.1215137	1.1116708	1.0913370
1.0476190	1.0462283	1.0449206	1.0436885	1.0425251	1.0414247	1.0403821	1.0393926	1.0384522	1.0375571	1.0367038	1.0358892	1.0351105	1.0343650	1.0336509	1.0329676	1.0323165	1.0317027	1.0311360	1.0306329	1.0302169	1.0299187	1.0297737	1.0298168	1.0300737	1.0305485	1.0312071	1.0319587	1.0326358	1.0329767	1.0326150	1.0310795	1.0278104	1.0221955	1.0136283	1.0015849	0.98571396	0.96592692	0.94247321	0.91598609	0.88748875
1.0454545	1.0441887	1.0429950	1.0418670	1.0407992	1.0397867	1.0388252	1.0379107	1.0370399	1.0362094	1.0354165	1.0346588	1.0339340	1.0332404	1.0325769	1.0319427	1.0313378	1.0307626	1.0302172	1.0297005	1.0292083	1.0287305	1.0282483	1.0277296	1.0271262	1.0263703	1.0253744	1.0240339	1.0222346	1.0198667	1.0168441	1.0131308	1.0087710	1.0039221	0.99888435	0.99412554	0.99029434	0.98822015	0.98889679	0.99344926	1.0030832
1.0434783	1.0423213	1.0412272	1.0401907	1.0392072	1.0382726	1.0373831	1.0365355	1.0357268	1.0349542	1.0342153	1.0335080	1.0328303	1.0321801	1.0315560	1.0309559	1.0303778	1.0298191	1.0292761	1.0287437	1.0282150	1.0276810	1.0271314	1.0265554	1.0259442	1.0252951	1.0246171	1.0239373	1.0233097	1.0228231	1.0226085	1.0228436	1.0237527	1.0255995	1.0286722	1.0332575	1.0396046	1.0478781	1.0581022	1.0700996	1.0834290
1.0416667	1.0406051	1.0395987	1.0386430	1.0377342	1.0368688	1.0360436	1.0352559	1.0345029	1.0337824	1.0330922	1.0324305	1.0317954	1.0311852	1.0305984	1.0300334	1.0294886	1.0289627	1.0284541	1.0279620	1.0274861	1.0270279	1.0265909	1.0261827	1.0258156	1.0255082	1.0252858	1.0251806	1.0252298	1.0254713	1.0259378	1.0266463	1.0275860	1.0287029	1.0298832	1.0309376	1.0315888	1.0314657	1.0301087	1.0269885	1.0215415
1.0400000	1.0390225	1.0380936	1.0372097	1.0363675	1.0355639	1.0347963	1.0340623	1.0333595	1.0326860	1.0320400	1.0314197	1.0308236	1.0302502	1.0296983	1.0291667	1.0286544	1.0281606	1.0276847	1.0272268	1.0267872	1.0263669	1.0259673	1.0255902	1.0252369	1.0249073	1.0245981	1.0243007	1.0239980	1.0236614	1.0232477	1.0226958	1.0219264	1.0208428	1.0193357	1.0172927	1.0146121	1.0112227	1.0071063	1.0023246	0.99704408
1.0384615	1.0375584	1.0366985	1.0358786	1.0350959	1.0343478	1.0336320	1.0329464	1.0322890	1.0316581	1.0310521	1.0304695	1.0299089	1.0293690	1.0288488	1.0283472	1.0278633	1.0273960	1.0269447	1.0265085	1.0260865	1.0256776	1.0252799	1.0248911	1.0245072	1.0241230	1.0237311	1.0233222	1.0228851	1.0224084	1.0218817	1.0212996	1.0206655	1.0199976	1.0193359	1.0187486	1.0183398	1.0182536	1.0186766	1.0198354	1.0219880
1.0370370	1.0362002	1.0354018	1.0346392	1.0339099	1.0332118	1.0325427	1.0319009	1.0312847	1.0306925	1.0301229	1.0295746	1.0290465	1.0285373	1.0280461	1.0275719	1.0271137	1.0266708	1.0262423	1.0258273	1.0254249	1.0250342	1.0246541	1.0242836	1.0239219	1.0235685	1.0232239	1.0228901	1.0225717	1.0222768	1.0220184	1.0218152	1.0216930	1.0216838	1.0218257	1.0221592	1.0227228	1.0235460	1.0246388	1.0259807	1.0275066
1.0357143	1.0349366	1.0341934	1.0334823	1.0328012	1.0321482	1.0315214	1.0309194	1.0303406	1.0297837	1.0292474	1.0287305	1.0282321	1.0277510	1.0272865	1.0268376	1.0264035	1.0259835	1.0255769	1.0251831	1.0248014	1.0244315	1.0240730	1.0237259	1.0233905	1.0230675	1.0227583	1.0224648	1.0221896	1.0219354	1.0217050	1.0214995	1.0213176	1.0211533	1.0209930	1.0208135	1.0205782	1.0202349	1.0197142	1.0189296	1.0177801
1.0344828	1.0337583	1.0330647	1.0324000	1.0317625	1.0311503	1.0305620	1.0299962	1.0294515	1.0289268	1.0284210	1.0279329	1.0274618	1.0270066	1.0265667	1.0261411	1.0257293	1.0253305	1.0249441	1.0245697	1.0242066	1.0238544	1.0235127	1.0231813	1.0228597	1.0225476	1.0222444	1.0219493	1.0216608	1.0213766	1.0210928	1.0208043	1.0205035	1.0201810	1.0198250	1.0194231	1.0189627	1.0184344	1.0178351	1.0171726	1.0164711
1.0333333	1.0326567	1.0320080	1.0313854	1.0307873	1.0302123	1.0296591	1.0291263	1.0286128	1.0281176	1.0276397	1.0271782	1.0267322	1.0263009	1.0258836	1.0254796	1.0250884	1.0247091	1.0243414	1.0239847	1.0236385	1.0233023	1.0229756	1.0226580	1.0223490	1.0220479	1.0217542	1.0214671	1.0211858	1.0209096	1.0206378	1.0203701	1.0201072	1.0198512	1.0196065	1.0193805	1.0191854	1.0190385	1.0189635	1.0189906	1.0191560
1.0322581	1.0316247	1.0310166	1.0304322	1.0298701	1.0293290	1.0288078	1.0283052	1.0278204	1.0273523	1.0269001	1.0264629	1.0260401	1.0256309	1.0252346	1.0248506	1.0244784	1.0241173	1.0237670	1.0234269	1.0230965	1.0227755	1.0224634	1.0221599	1.0218646	1.0215772	1.0212976	1.0210257	1.0207617	1.0205061	1.0202596	1.0200239	1.0198008	1.0195931	1.0194041	1.0192376	1.0190970	1.0189852	1.0189026	1.0188459	1.0188062
1.0312500	1.0306559	1.0300847	1.0295351	1.0290058	1.0284957	1.0280038	1.0275290	1.0270704	1.0266273	1.0261988	1.0257841	1.0253827	1.0249939	1.0246171	1.0242517	1.0238971	1.0235530	1.0232189	1.0228943	1.0225788	1.0222720	1.0219736	1.0216833	1.0214008	1.0211259	1.0208585	1.0205984	1.0203457	1.0201004	1.0198626	1.0196323	1.0194095	1.0191936	1.0189833	1.0187767	1.0185700	1.0183582	1.0181337	1.0178868	1.0176057
1.0303030	1.0297447	1.0292071	1.0286893	1.0281900	1.0277084	1.0272433	1.0267940	1.0263597	1.0259396	1.0255329	1.0251391	1.0247576	1.0243877	1.0240289	1.0236807	1.0233427	1.0230144	1.0226953	1.0223852	1.0220835	1.0217900	1.0215044	1.0212263	1.0209555	1.0206917	1.0204348	1.0201844	1.0199405	1.0197028	1.0194712	1.0192452	1.0190246	1.0188086	1.0185968	1.0183881	1.0181819	1.0179776	1.0177752	1.0175761	1.0173832
1.0294118	1.0288860	1.0283792	1.0278905	1.0274188	1.0269632	1.0265229	1.0260972	1.0256852	1.0252863	1.0248999	1.0245255	1.0241623	1.0238100	1.0234680	1.0231359	1.0228133	1.0224997	1.0221947	1.0218981	1.0216094	1.0213283	1.0210546	1.0207880	1.0205282	1.0202750	1.0200281	1.0197875	1.0195530	1.0193246	1.0191021	1.0188857	1.0186754	1.0184717	1.0182748	1.0180857	1.0179053	1.0177352	1.0175777	1.0174354	1.0173120
1.0285714	1.0280755	1.0275969	1.0271349	1.0266885	1.0262570	1.0258395	1.0254355	1.0250442	1.0246650	1.0242975	1.0239409	1.0235949	1.0232589	1.0229326	1.0226155	1.0223072	1.0220073	1.0217156	1.0214316	1.0211550	1.0208857	1.0206232	1.0203674	1.0201180	1.0198748	1.0196376	1.0194064	1.0191811	1.0189615	1.0187479	1.0185403	1.0183389	1.0181439	1.0179557	1.0177745	1.0176007	1.0174344	1.0172756	1.0171238	1.0169779
1.0277778	1.0273091	1.0268565	1.0264191	1.0259961	1.0255867	1.0251904	1.0248065	1.0244343	1.0240734	1.0237233	1.0233834	1.0230534	1.0227327	1.0224209	1.0221178	1.0218229	1.0215359	1.0212565	1.0209844	1.0207193	1.0204609	1.0202090	1.0199633	1.0197237	1.0194899	1.0192619	1.0190394	1.0188225	1.0186110	1.0184051	1.0182047	1.0180099	1.0178208	1.0176373	1.0174596	1.0172873	1.0171202	1.0169577	1.0167992	1.0166434
1.0270270	1.0265835	1.0261548	1.0257400	1.0253386	1.0249497	1.0245730	1.0242077	1.0238533	1.0235095	1.0231756	1.0228512	1.0225360	1.0222296	1.0219315	1.0216415	1.0213592	1.0210842	1.0208164	1.0205555	1.0203010	1.0200530	1.0198110	1.0195749	1.0193445	1.0191196	1.0189001	1.0186859	1.0184768	1.0182730	1.0180743	1.0178809	1.0176927	1.0175099	1.0173326	1.0171607	1.0169945	1.0168339	1.0166790	1.0165301	1.0163874
1.0263158	1.0258955	1.0254888	1.0250950	1.0247134	1.0243436	1.0239850	1.0236371	1.0232993	1.0229712	1.0226525	1.0223426	1.0220413	1.0217482	1.0214629	1.0211851	1.0209146	1.0206510	1.0203941	1.0201436	1.0198993	1.0196609	1.0194283	1.0192012	1.0189795	1.0187630	1.0185516	1.0183452	1.0181437	1.0179471	1.0177555	1.0175688	1.0173873	1.0172109	1.0170399	1.0168744	1.0167146	1.0165607	1.0164128	1.0162711	1.0161359
1.0256410	1.0252421	1.0248558	1.0244814	1.0241184	1.0237662	1.0234245	1.0230926	1.0227703	1.0224570	1.0221524	1.0218561	1.0215678	1.0212871	1.0210138	1.0207475	1.0204881	1.0202351	1.0199884	1.0197478	1.0195130	1.0192838	1.0190600	1.0188414	1.0186279	1.0184194	1.0182156	1.0180166	1.0178223	1.0176326	1.0174476	1.0172674	1.0170920	1.0169216	1.0167563	1.0165962	1.0164415	1.0162922	1.0161483	1.0160099	1.0158768
1.0250000	1.0246209	1.0242534	1.0238971	1.0235512	1.0232155	1.0228895	1.0225727	1.0222647	1.0219652	1.0216738	1.0213902	1.0211141	1.0208451	1.0205830	1.0203276	1.0200785	1.0198356	1.0195985	1.0193672	1.0191413	1.0189208	1.0187053	1.0184948	1.0182891	1.0180880	1.0178915	1.0176995	1.0175119	1.0173288	1.0171501	1.0169759	1.0168064	1.0166415	1.0164816	1.0163265	1.0161766	1.0160317	1.0158920	1.0157574	1.0156278
1.0243902	1.0240295	1.0236796	1.0233399	1.0230101	1.0226897	1.0223783	1.0220756	1.0217810	1.0214944	1.0212154	1.0209437	1.0206790	1.0204210	1.0201695	1.0199242	1.0196849	1.0194514	1.0192235	1.0190009	1.0187835	1.0185711	1.0183635	1.0181606	1.0179623	1.0177683	1.0175787	1.0173933	1.0172122	1.0170352	1.0168625	1.0166941	1.0165301	1.0163706	1.0162158	1.0160657	1.0159205	1.0157802	1.0156450	1.0155149	1.0153898
1.0238095	1.0234659	1.0231322	1.0228082	1.0224933	1.0221872	1.0218895	1.0215998	1.0213179	1.0210434	1.0207760	1.0205154	1.0202614	1.0200138	1.0197722	1.0195365	1.0193064	1.0190818	1.0188625	1.0186482	1.0184388	1.0182341	1.0180340	1.0178383	1.0176469	1.0174597	1.0172766	1.0170975	1.0169225	1.0167514	1.0165844	1.0164215	1.0162628	1.0161084	1.0159585	1.0158131	1.0156724	1.0155365	1.0154055	1.0152793	1.0151581
1.0232558	1.0229280	1.0226096	1.0223001	1.0219991	1.0217064	1.0214215	1.0211441	1.0208740	1.0206108	1.0203543	1.0201042	1.0198603	1.0196224	1.0193902	1.0191635	1.0189422	1.0187259	1.0185147	1.0183082	1.0181064	1.0179090	1.0177160	1.0175271	1.0173423	1.0171615	1.0169846	1.0168116	1.0166423	1.0164768	1.0163152	1.0161576	1.0160039	1.0158544	1.0157091	1.0155682	1.0154318	1.0153000	1.0151729	1.0150504	1.0149326
1.0227273	1.0224143	1.0221100	1.0218141	1.0215262	1.0212459	1.0209730	1.0207072	1.0204481	1.0201956	1.0199493	1.0197091	1.0194748	1.0192460	1.0190226	1.0188045	1.0185913	1.0183830	1.0181795	1.0179804	1.0177857	1.0175953	1.0174089	1.0172266	1.0170481	1.0168733	1.0167023	1.0165349	1.0163712	1.0162111	1.0160546	1.0159019	1.0157531	1.0156082	1.0154674	1.0153308	1.0151985	1.0150706	1.0149472	1.0148283	1.0147139
1.0222222	1.0219231	1.0216321	1.0213488	1.0210731	1.0208046	1.0205429	1.0202879	1.0200393	1.0197967	1.0195602	1.0193292	1.0191038	1.0188837	1.0186687	1.0184586	1.0182532	1.0180524	1.0178561	1.0176641	1.0174762	1.0172923	1.0171123	1.0169361	1.0167636	1.0165946	1.0164292	1.0162672	1.0161087	1.0159537	1.0158022	1.0156542	1.0155100	1.0153695	1.0152329	1.0151004	1.0149721	1.0148479	1.0147281	1.0146127	1.0145016
1.0217391	1.0214529	1.0211743	1.0209030	1.0206387	1.0203811	1.0201301	1.0198852	1.0196464	1.0194133	1.0191858	1.0189637	1.0187467	1.0185348	1.0183276	1.0181251	1.0179271	1.0177335	1.0175440	1.0173586	1.0171772	1.0169995	1.0168256	1.0166552	1.0164884	1.0163249	1.0161648	1.0160080	1.0158545	1.0157043	1.0155575	1.0154141	1.0152742	1.0151380	1.0150055	1.0148769	1.0147522	1.0146317	1.0145154	1.0144032	1.0142952
1.0212766	1.0210025	1.0207355	1.0204754	1.0202218	1.0199746	1.0197335	1.0194982	1.0192686	1.0190444	1.0188255	1.0186117	1.0184027	1.0181984	1.0179987	1.0178035	1.0176124	1.0174255	1.0172426	1.0170635	1.0168882	1.0167165	1.0165483	1.0163835	1.0162220	1.0160638	1.0159088	1.0157569	1.0156082	1.0154626	1.0153203	1.0151812	1.0150455	1.0149133	1.0147847	1.0146598	1.0145388	1.0144217	1.0143086	1.0141996	1.0140946
1.0208333	1.0205706	1.0203145	1.0200649	1.0198214	1.0195839	1.0193522	1.0191259	1.0189050	1.0186893	1.0184784	1.0182724	1.0180710	1.0178741	1.0176814	1.0174930	1.0173086	1.0171280	1.0169513	1.0167782	1.0166087	1.0164427	1.0162799	1.0161204	1.0159641	1.0158109	1.0156607	1.0155135	1.0153693	1.0152282	1.0150901	1.0149552	1.0148235	1.0146951	1.0145702	1.0144489	1.0143313	1.0142176	1.0141076	1.0140016	1.0138996
1.0204082	1.0201561	1.0199103	1.0196705	1.0194366	1.0192082	1.0189853	1.0187676	1.0185549	1.0183471	1.0181439	1.0179453	1.0177510	1.0175610	1.0173751	1.0171931	1.0170150	1.0168405	1.0166697	1.0165023	1.0163383	1.0161776	1.0160201	1.0158657	1.0157142	1.0155658	1.0154202	1.0152775	1.0151377	1.0150007	1.0148667	1.0147358	1.0146079	1.0144832	1.0143619	1.0142440	1.0141297	1.0140191	1.0139122	1.0138091	1.0137098
1.0200000	1.0197579	1.0195218	1.0192913	1.0190664	1.0188467	1.0186321	1.0184224	1.0182175	1.0180172	1.0178213	1.0176297	1.0174422	1.0172587	1.0170792	1.0169033	1.0167311	1.0165625	1.0163972	1.0162353	1.0160766	1.0159210	1.0157684	1.0156188	1.0154720	1.0153281	1.0151869	1.0150485	1.0149129	1.0147799	1.0146499	1.0145227	1.0143984	1.0142773	1.0141594	1.0140448	1.0139337	1.0138261	1.0137221	1.0136218	1.0135251
1.0196078	1.0193752	1.0191482	1.0189265	1.0187100	1.0184984	1.0182917	1.0180897	1.0178921	1.0176989	1.0175099	1.0173249	1.0171439	1.0169667	1.0167931	1.0166231	1.0164566	1.0162934	1.0161335	1.0159768	1.0158230	1.0156723	1.0155245	1.0153794	1.0152371	1.0150976	1.0149606	1.0148263	1.0146946	1.0145655	1.0144392	1.0143156	1.0141949	1.0140772	1.0139625	1.0138511	1.0137430	1.0136383	1.0135371	1.0134394	1.0133453
1.0192308	1.0190070	1.0187886	1.0185752	1.0183666	1.0181628	1.0179636	1.0177687	1.0175781	1.0173916	1.0172091	1.0170305	1.0168556	1.0166843	1.0165165	1.0163520	1.0161909	1.0160330	1.0158781	1.0157263	1.0155774	1.0154313	1.0152879	1.0151473	1.0150093	1.0148738	1.0147409	1.0146105	1.0144826	1.0143572	1.0142345	1.0141144	1.0139970	1.0138825	1.0137710	1.0136626	1.0135574	1.0134555	1.0133570	1.0132619	1.0131702
1.0188679	1.0186526	1.0184422	1.0182366	1.0180357	1.0178392	1.0176470	1.0174589	1.0172750	1.0170949	1.0169185	1.0167459	1.0165768	1.0164111	1.0162487	1.0160896	1.0159336	1.0157807	1.0156307	1.0154835	1.0153392	1.0151975	1.0150585	1.0149220	1.0147881	1.0146566	1.0145275	1.0144009	1.0142766	1.0141548	1.0140354	1.0139187	1.0138045	1.0136932	1.0135847	1.0134792	1.0133767	1.0132775	1.0131815	1.0130888	1.0129995
1.0185185	1.0183111	1.0181084	1.0179102	1.0177164	1.0175268	1.0173413	1.0171598	1.0169820	1.0168080	1.0166376	1.0164706	1.0163070	1.0161467	1.0159896	1.0158355	1.0156844	1.0155362	1.0153908	1.0152481	1.0151081	1.0149707	1.0148358	1.0147033	1.0145733	1.0144456	1.0143202	1.0141971	1.0140764	1.0139579	1.0138419	1.0137283	1.0136173	1.0135089	1.0134033	1.0133005	1.0132008	1.0131041	1.0130105	1.0129201	1.0128328
1.0181818	1.0179819	1.0177865	1.0175953	1.0174083	1.0172252	1.0170461	1.0168707	1.0166989	1.0165306	1.0163658	1.0162042	1.0160459	1.0158907	1.0157385	1.0155892	1.0154428	1.0152991	1.0151581	1.0150198	1.0148839	1.0147505	1.0146196	1.0144910	1.0143646	1.0142406	1.0141187	1.0139991	1.0138817	1.0137665	1.0136536	1.0135431	1.0134350	1.0133294	1.0132266	1.0131265	1.0130292	1.0129349	1.0128435	1.0127552	1.0126698
1.0178571	1.0176644	1.0174758	1.0172912	1.0171106	1.0169338	1.0167607	1.0165911	1.0164250	1.0162622	1.0161027	1.0159463	1.0157930	1.0156426	1.0154952	1.0153505	1.0152085	1.0150692	1.0149324	1.0147981	1.0146662	1.0145367	1.0144096	1.0142846	1.0141619	1.0140413	1.0139228	1.0138064	1.0136922	1.0135802	1.0134703	1.0133627	1.0132574	1.0131546	1.0130544	1.0129567	1.0128618	1.0127696	1.0126802	1.0125934	1.0125093
1.0175439	1.0173578	1.0171757	1.0169975	1.0168230	1.0166521	1.0164847	1.0163207	1.0161600	1.0160024	1.0158479	1.0156965	1.0155479	1.0154022	1.0152592	1.0151189	1.0149812	1.0148460	1.0147132	1.0145829	1.0144548	1.0143290	1.0142055	1.0140840	1.0139647	1.0138474	1.0137322	1.0136190	1.0135079	1.0133988	1.0132918	1.0131870	1.0130844	1.0129842	1.0128863	1.0127909	1.0126980	1.0126075	1.0125194	1.0124335	1.0123497
1.0172414	1.0170617	1.0168858	1.0167136	1.0165449	1.0163796	1.0162176	1.0160589	1.0159033	1.0157507	1.0156011	1.0154543	1.0153103	1.0151690	1.0150304	1.0148942	1.0147606	1.0146293	1.0145004	1.0143738	1.0142494	1.0141272	1.0140070	1.0138890	1.0137729	1.0136589	1.0135468	1.0134366	1.0133284	1.0132222	1.0131179	1.0130158	1.0129157	1.0128178	1.0127220	1.0126284	1.0125369	1.0124473	1.0123595	1.0122729	1.0121873
1.0169492	1.0167755	1.0166055	1.0164390	1.0162758	1.0161158	1.0159591	1.0158054	1.0156547	1.0155068	1.0153618	1.0152195	1.0150799	1.0149428	1.0148082	1.0146761	1.0145463	1.0144189	1.0142937	1.0141706	1.0140497	1.0139309	1.0138141	1.0136992	1.0135863	1.0134753	1.0133662	1.0132590	1.0131536	1.0130500	1.0129484	1.0128486	1.0127508	1.0126548	1.0125606	1.0124680	1.0123768	1.0122866	1.0121968	1.0121066	1.0120150
1.0166667	1.0164988	1.0163344	1.0161732	1.0160153	1.0158605	1.0157086	1.0155597	1.0154137	1.0152704	1.0151297	1.0149917	1.0148562	1.0147232	1.0145926	1.0144643	1.0143382	1.0142144	1.0140927	1.0139731	1.0138556	1.0137400	1.0136264	1.0135146	1.0134047	1.0132967	1.0131904	1.0130859	1.0129831	1.0128821	1.0127828	1.0126851	1.0125890	1.0124942	1.0124005	1.0123075	1.0122145	1.0121206	1.0120246	1.0119250	1.0118198
1.0163934	1.0162311	1.0160719	1.0159160	1.0157630	1.0156130	1.0154659	1.0153216	1.0151800	1.0150410	1.0149046	1.0147706	1.0146391	1.0145100	1.0143831	1.0142584	1.0141360	1.0140156	1.0138973	1.0137810	1.0136667	1.0135542	1.0134436	1.0133349	1.0132279	1.0131226	1.0130191	1.0129171	1.0128168	1.0127180	1.0126206	1.0125244	1.0124291	1.0123342	1.0122391	1.0121427	1.0120438	1.0119404	1.0118304	1.0117107	1.0115779
1.0161290	1.0159719	1.0158178	1.0156667	1.0155186	1.0153732	1.0152306	1.0150906	1.0149533	1.0148184	1.0146860	1.0145560	1.0144283	1.0143028	1.0141795	1.0140584	1.0139393	1.0138223	1.0137072	1.0135941	1.0134828	1.0133734	1.0132657	1.0131598	1.0130556	1.0129530	1.0128519	1.0127524	1.0126542	1.0125571	1.0124608	1.0123650	1.0122688	1.0121712	1.0120708	1.0119656	1.0118530	1.0117297	1.0115914	1.0114328	1.0112478
1.0158730	1.0157208	1.0155716	1.0154252	1.0152816	1.0151406	1.0150023	1.0148665	1.0147332	1.0146023	1.0144737	1.0143474	1.0142234	1.0141015	1.0139816	1.0138639	1.0137481	1.0136342	1.0135223	1.0134122	1.0133039	1.0131973	1.0130925	1.0129892	1.0128876	1.0127875	1.0126887	1.0125911	1.0124944	1.0123981	1.0123016	1.0122039	1.0121034	1.0119983	1.0118855	1.0117616	1.0116216	1.0114596	1.0112682	1.0110385	1.0107604
1.0156250	1.0154775	1.0153329	1.0151910	1.0150517	1.0149150	1.0147807	1.0146490	1.0145195	1.0143924	1.0142675	1.0141448	1.0140242	1.0139057	1.0137892	1.0136746	1.0135620	1.0134512	1.0133422	1.0132350	1.0131296	1.0130258	1.0129236	1.0128229	1.0127237	1.0126257	1.0125287	1.0124324	1.0123361	1.0122389	1.0121394	1.0120356	1.0119247	1.0118029	1.0116651	1.0115046	1.0113132	1.0110807	1.0107950	1.0104420	1.0100056
1.0153846	1.0152417	1.0151014	1.0149638	1.0148286	1.0146959	1.0145656	1.0144377	1.0143119	1.0141884	1.0140671	1.0139478	1.0138305	1.0137153	1.0136019	1.0134905	1.0133809	1.0132730	1.0131669	1.0130625	1.0129597	1.0128586	1.0127589	1.0126605	1.0125633	1.0124670	1.0123710	1.0122746	1.0121765	1.0120750	1.0119673	1.0118497	1.0117171	1.0115626	1.0113773	1.0111501	1.0108672	1.0105125	1.0100671	1.0095095	1.0088165
1.0151515	1.0150129	1.0148768	1.0147432	1.0146121	1.0144832	1.0143567	1.0142324	1.0141102	1.0139902	1.0138721	1.0137557	1.0136394	1.0135153	1.0133478	1.0129910	1.0118931	1.0081172	0.99531414	0.95393264	0.82716453	0.45864268	-0.56077726	-3.2518991	-10.050048	-26.524964	-64.917399	-151.13553	-338.09950	-730.33101	-1527.8126	-3101.8533	-6122.5829	-11767.476	-22053.855	-40356.652	-72197.044	-126419.29	-216913.88	-365096.79	-603419.79
1.0149254	1.0147909	1.0146588	1.0145291	1.0144017	1.0142766	1.0141537	1.0140328	1.0139141	1.0137975	1.0136836	1.0135780	1.0135146	1.0136776	1.0149473	1.0211091	1.0470088	1.1463027	1.4992341	2.6723438	6.3409954	17.187681	47.629967	129.02099	336.96478	846.05873	2043.4418	4755.2543	10681.884	23205.810	48842.547	99767.244	198088.35	382882.06	721479.89	1327155.9	2386238.1	4198827.3	7238814.1	12240829.	20324239.
1.0147059	1.0145753	1.0144471	1.0143211	1.0141974	1.0140758	1.0139563	1.0138387	1.0137221	1.0135994	1.0134253	1.0129462	1.0108868	1.0014221	0.96010153	0.79181462	0.15091872	-2.1478111	-10.011553	-36.446604	-132.10721	-695.40373	1525.1567	607.50443	287.93129	-239.45775	-1410.1895	-4039.3458	-9779.2514	-21909.692	-46746.953	-96095.212	-191392.95	-370538.99	-698847.55	-1286217.8	-2313456.6	-4071820.5	-7021309.7	-11875139.	-19720222.
1.0144928	1.0143660	1.0142414	1.0141190	1.0139987	1.0138805	1.0137644	1.0136516	1.0135564	1.0135996	1.0145979	1.0212165	1.0567673	1.2254791	1.9505848	4.8016175	14.991114	46.501011	119.90276	229.42174	374.07138	942.95998	-1307.2311	-473.00093	-359.72250	-329.42189	-321.30757	-320.63192	-322.68923	-325.78824	-329.27808	-332.89364	-336.52013	-340.10488	-343.62290	-347.06276	-350.42024	-353.69514	-356.88947	-360.00641	-363.04971
1.0142857	1.0141625	1.0140415	1.0139225	1.0138055	1.0136889	1.0135541	1.0132320	1.0115329	1.0015129	0.94808512	0.69299805	-0.41605274	-4.9019554	-22.507304	-100.47899	-1747.3041	351.48172	154.77983	29.578802	-45.694805	-78.364817	-93.856250	-112.79261	-194.95830	201.97416	25.742472	2.7120169	-4.5034406	-7.3380558	-8.5834010	-9.1783308	-9.4880133	-9.6662594	-9.7812732	-9.8644715	-9.9307780	-9.9874670	-10.038157	-10.084672	-10.127927
1.0140845	1.0139648	1.0138471	1.0137314	1.0136179	1.0135221	1.0137160	1.0170999	1.0459225	1.2351869	2.2705771	7.1574182	27.069815	91.262917	217.98420	367.09797	2006.0025	-147.91211	-45.056067	-27.211373	-20.069226	-9.2798315	8.1941399	33.969209	120.59230	-274.21634	-97.073958	-73.711646	-66.473568	-63.814606	-62.889646	-62.724894	-62.926901	-63.317908	-63.810164	-64.357129	-64.932722	-65.521716	-66.114913	-66.706538	-67.292789
1.0138889	1.0137725	1.0136579	1.0135328	1.0131041	1.0086767	0.96911409	0.69402354	-0.88349230	-8.7556129	-45.603273	-258.30906	1564.7675	392.34066	161.40983	30.060330	-12.595257	-21.466455	-29.274730	-107.40184	46.782356	10.567044	-8.7070102	-22.028963	-29.771608	-35.571368	-46.517301	-142.80258	29.006446	4.1355210	-1.4998711	-3.5704562	-4.4774782	-4.9172697	-5.1489409	-5.2818949	-5.3658593	-5.4245484	-5.4696576	-5.5070892	-5.5398593
1.0136986	1.0135854	1.0134720	1.0133963	1.0166536	1.0823827	1.7935171	7.1469272	37.789131	162.17834	412.86876	713.10904	-1162.6713	-107.58661	-37.164457	-18.828183	-2.6662265	26.739767	67.491069	152.74723	-16.824170	-2.1424177	-4.1350747	-5.1242509	-2.9770465	2.3471669	14.350047	111.71224	-59.306678	-33.918730	-27.987615	-25.797468	-24.908712	-24.591937	-24.560296	-24.682162	-24.890690	-25.149258	-25.436367	-25.738373	-26.045802
1.0135135	1.0133940	1.0112084	0.94631177	0.077400478	-7.2833508	-55.930070	-425.67252	1495.8414	490.61756	120.58118	-55.895166	-85.295749	-87.909410	-126.73563	-449.46536	735.12322	309.59829	205.21874	157.83139	148.64491	253.41668	-174.79803	-45.058825	-25.938520	-20.740628	-18.998931	-18.623604	-20.444593	-33.964270	29.071675	2.7701624	-0.94943502	-2.2132565	-2.7724648	-3.0591041	-3.2235472	-3.3281757	-3.4016375	-3.4578930	-3.5039453
1.0133333	1.0129281	1.0116274	1.7220775	16.215502	150.80627	662.49479	1250.3243	-833.67430	-90.239641	-40.731431	-25.814655	14.140236	127.34541	316.13720	717.77763	-457.48666	-55.822054	12.779296	23.080096	-248.72693	-1754.7524	-334.04058	-154.55163	-69.918907	-30.143390	-10.738728	-1.6114217	4.1758972	19.369593	-42.884000	-16.199202	-12.334644	-11.099712	-10.702467	-10.677162	-10.844674	-11.118762	-11.451174	-11.811509	-12.178546
1.0131579	0.73669177	-12.887152	-204.03465	-19796.124	1089.5239	193.06790	-224.29988	-221.48020	-203.94596	-448.03994	574.48248	212.45930	60.585209	-96.261212	-178.69066	-200.97574	-215.52155	-240.19802	-223.04355	82.658402	1509.0927	526.80941	208.24781	81.891302	20.672094	-4.5867324	-11.964737	-11.860147	-9.3932721	-6.7839337	-4.9190722	-2.8158039	-2.3906774	-2.0708946	-1.9481543	-1.9398947	-1.9895029	-2.0646204	-2.1479067	-2.2302712
1.0129870	-1.8692150	147.53668	2126.4955	21696.997	-46.365499	-3.0265744	-20.139726	36.921894	305.71133	765.68334	-287.15682	-17.904306	-7.5123382	-14.079401	-12.336767	25.598609	230.14988	-856.17295	-180.09180	-95.467098	-63.285251	-89.162458	-54.196574	-29.999797	-17.232669	-15.544313	-14.707534	-9.3262547	-2.6541668	1.0340290	2.2377529	1.3995801	1.2814862	0.67445378	-0.13037186	-1.0650937	-2.0654009	-3.0716770	-4.0356632	-4.9223762
4.4974316e-055	-4157.5635	3016.9575	-490.27649	-1025.1366	-621.49380	-1276.2984	498.93332	208.43227	-79.355926	-283.93170	-259.11950	-229.42213	-470.13093	196.47930	66.149559	4.0302878	-196.03659	920.58548	285.42352	-456.66315	-21.342603	8.5515542	-27.954045	-59.722962	-160.20492	463.27132	109.18313	62.278826	46.911695	59.525841	160.11207	-333.40933	-79.317739	-35.104740	-16.041574	-7.1723237	-3.2830614	-1.7499272	-1.2666091	-1.2182888
-807.27862	-9683.8948	2234.1049	329.61178	4.6190022	716.60315	13987.637	427.53591	156.48201	54.868955	8.5754618	11.492843	343.57016	1127.7133	55.497349	45.684443	16.650074	-1.5109435	-18.350469	-61.522328	565.91584	70.601581	53.373263	66.418540	125.42660	297.47971	-310.42952	11.568079	28.625937	29.759787	35.676554	91.311640	-489.44842	-230.98045	-360.41316	1554.8967	149.33149	56.261649	25.426395	11.462342	4.1960505
-1.8734775e+060	16683.587	-4483.7911	3287.9051	456.98711	-399.55781	-12858.307	-1017.1128	-608.76401	770.17371	127.25717	71.752163	-247.21981	-755.81496	-332.84255	-213.71763	-1607.7223	18.993080	-1.9865950	1.2178928	11.149871	15.727812	-107.78099	63.939812	20.073811	-59.022917	-84.474105	-69.868923	-67.712682	-86.134903	-126.10212	-287.97923	785.88669	273.75069	359.93035	-1572.4138	-171.59538	-74.534271	-33.471875	-10.842587	-2.2797234
1.8734775e+060	7019.1676	809.72635	-4506.2686	-2279.1963	1138.3690	182.17847	149.40062	158.19452	-1171.1913	-909.14144	707.81519	146.59784	39.812731	141.01004	51.090270	1444.3214	696.52825	25.142812	3.4295393	0.12827130	7.9891253	142.81119	-27.993381	-14.972845	-8.1596153	6.0927333	-90.700271	-14.355671	2.5574473	6.2827925	0.54779685	0.53371910	2.1287922	2.4886245	1.5004879	-1.6255281	-8.6868059	-20.195071	-30.595871	-38.786482
8285.9408	-3309.5651	-134.47020	289.29009	1354.3577	1280.2705	21.671214	-36.371500	53.210789	166.12310	605.39202	-1121.5199	112.03168	32.420076	-92.510395	15.444324	73.235764	-780.51135	-91.546538	194.76671	15.866256	2.9189935	-4.8475425	-11.145926	-38.359393	10.507302	-2.3984358	102.04985	33.033658	20.159995	10.429007	4.2965011	-1.3655016	-2.8400741	-1.5448647	0.27113419	2.0799746	4.1809516	7.3887211	13.986658	33.728182
-2.6710411e-053	-5873.6271	-1315.7457	69.087761	238.60939	-2837.2989	-561.01417	-478.45800	-221.33192	23.325074	61.662966	239.85120	-417.26164	-241.44898	-251.27270	-238.28116	-8.4696211	85.586947	119.35128	-106.03027	-195.83710	-18.385324	-1.0513850	5.3999669	31.778680	-18.048609	-12.898506	-13.872253	-17.364434	-1.7669414	-29.927368	-189.15908	47.722969	7.0405853	-10.876882	-38.281111	44.799643	8.2856758	2.2335484	-1.6282506	-11.808917
5115.7226	19.022807	-1446.0821	453.44585	15.562837	8.9403913	32.500834	-369.49490	480.27656	54.604784	2.0283604	2.9234660	16.856366	29.953338	-39.405748	648.91898	113.73091	-3.8732850	-16.292939	-34.872226	258.84193	232.77820	-81.571868	-28.307204	-15.588586	-7.9768756	-21.778609	2.7626511	22.881958	36.872008	97.215442	243.59143	-19.132332	5.4963231	14.125991	36.370438	-49.500462	-14.503239	-9.5241674	-7.7871129	-6.2081049
-5731.2079	50.477227	1645.9978	-1008.3257	-219.04350	9.8378860	70.362311	565.98669	-467.82630	-239.30609	-128.10240	-24.872822	13.138206	38.395680	161.82186	-519.87521	-202.60952	-163.80933	-139.07340	230.99910	-249.56687	-350.80199	-27.834643	-49.229385	-10.246812	14.255536	32.877890	4.0884999	-34.295634	3514.3495	76.620554	78.841126	132.23043	453.16362	-224.01814	-87.492267	-59.232925	-53.663213	-79.113903	67.770633	7.2425647
-881.78578	850.01782	2.5883005	-79.798891	-664.59708	371.79486	37.431445	-0.99715246	-9.9020374	-59.295758	-590.05405	191.73002	36.591885	5.5489536	-1.9840870	-3.2735655	-8.1024892	-35.990858	-140.61743	-569.22095	-0.84750942	12.818583	7.3284117	-23.933326	-79.818115	-154.58900	43.368848	-19.150197	-4.5377392	-3375.0178	-75.862394	-17.914470	156.34009	-926.85706	75.616961	0.29249237	4.0423439	22.002183	63.779079	-73.672178	-8.3375284
108.84974	-591.91487	-3.9821827	54.096509	467.60081	-588.02393	-98.911936	-7.9430333	12.776671	66.432151	556.93896	-286.68384	-123.80660	-46.617219	-9.2483005	3.0934975	14.170618	44.798261	136.50212	197.31088	97.805478	31.825298	241.67780	74.927445	61.462543	82.918631	-30.680704	-107.03337	21.554449	-194.75532	-110.71770	-147.57534	-327.89460	453.75512	134.63120	73.785560	39.733805	13.319817	-6.3250844	-20.219827	-35.260312
-12.855187	-849.44272	-3890.1807	27.829770	-10.960921	-72.576127	-257.67179	1981.3550	58.225854	7.0984744	-4.9122946	-18.576496	-65.100972	-235.11641	216.31525	36.507139	8.6001323	-0.38742369	-3.8745725	-1.4238632	209.62843	-30.785840	-360.93269	45.460971	15.214490	20.013526	-124.25641	126.01671	36.701650	0.52380502	41.899648	42.808837	21.285484	6.7435089	-23.394835	-2034.7895	105.89017	71.786136	44.225067	-58.146387	-786.18802
-50.824478	49.874058	4381.3724	5.3882307	-4.5766846	15.730609	113.61668	-2090.7017	-80.823875	-11.423505	-1.7019490	7.6967282	37.163506	176.57731	-279.54771	-73.982988	-21.604034	-5.6737771	-2.2822095	-4.1026084	-207.98650	57.610479	168.18982	-73.793057	-29.382787	-17.606985	50.192126	-36.324181	-71.035959	0.80184314	1.4279491	-0.13003403	-0.73197143	1.5273766	17.515752	1998.4216	-236.73797	-753.16136	2401.2004	1450.4199	2625.3547
-3.5736373	-18.438869	-798.33935	-327.95216	84.648111	1.8482223	-10.532648	-53.493733	-135.10402	-261.81275	112.11419	14.707243	0.17665291	-6.6155129	-21.330539	-55.546788	-113.80337	1041.6795	40.334606	11.721010	3.0577115	-2.7182771	-0.80161205	-0.86477549	1.0259089	1.7371301	2.1277588	3.7288210	73.127844	9.2728330	1.7812575	2.0688774	4.8728149	9.7599839	17.799765	37.029220	112.79644	639.96873	-2509.2784	-1472.4863	-1923.2874
3.3333902	-23.012404	-3.0812730	-328.21874	41.370215	4.6857786	-4.6482656	0.99828067	31.397169	193.62172	-113.69264	-9.9683796	-2.5620664	-1.6841428	2.6849642	16.483613	63.467744	-1075.6602	-44.889464	-6.2179184	-0.28916261	7.7680426	-0.22566959	0.78223966	3.3361698	8.6146085	6.1517219	20.704303	-26.100544	-23.233289	-20.145639	103.51474	4.2237083	-0.85625132	-3.3006384	-0.25036916	13.571869	35.219979	56.159211	68.371746	62.163159
91.512009	-2.3159685	-4.9578182	433.67919	-271.38482	-465.83198	3.3842276	-1.4473807	-8.2292754	-40.477762	-95.424966	-110.73003	-612.89749	-50.017130	-10.252174	-7.5140489	-12.725738	-29.493156	-47.761609	-37.756013	-252.47248	1865.1113	466.31367	1272.0218	-2239.5599	-1580.8743	562.45154	67.642666	-8.9259824	29.469202	25.839276	-150.25276	418.78197	275.47217	493.86075	-1873.6245	-88.104488	-4.8552174	-1.0205791	-4.7028336	2.8382716
-747.75412	7.8304582	-13.143989	-14.300205	-6.4657081	2.6779551	41.182772	-19.187521	-4.7508704	-0.27240572	-29.163968	564.78164	857.00419	95.310080	-566.46634	-41.724828	9.6019147	27.251542	48.515025	-18.683497	267.74734	-1540.4868	1468.6729	-1077.1269	1669.5607	775.86493	-1544.6831	-1714.4855	46.949016	63.032877	157.80986	1117.1826	-11476.244	11439.281	897.39680	2110.2230	326.17910	167.91945	128.46583	118.27759	113.37067
-776.41071	-54.527997	-17.447786	8.2698277	-49.094432	343.22736	-204.57303	313.32098	-147.43941	-136.44768	-203.25725	-419.79506	-403.84432	-199.66571	3250.8289	8.9154719	-426.61879	843.47855	-627.34482	-13132.321	618.95571	-268.96622	-1892.8750	-118.68101	701.03908	960.38218	1165.2527	1033.2986	722.73200	402.37167	-214.18132	-258.60978	11291.463	-11298.789	-1595.0757	-335.84226	-328.91066	-332.39872	24.129106	-359.29524	1102.9203
-1211.4781	-10350.359	-521.75414	-2539.3872	-22494.941	104252.88	-2333.6518	700.77909	-1668.5095	-45017.133	1780.3031	-260.05796	-231.67007	-644.68367	-2461.2879	101.45198	1757.3554	-768.42951	-873.28874	107487.31	375.00606	3.1933170	-502.98738	46.889378	36.133175	135.38162	-64.336360	436.87380	-522.20416	-7926.1167	-753.63573	-809.54948	-110.70864	-60.440186	72.900003	15.544915	69.680952	175.48444	-147.91100	312.93262	-1166.9191
7609.3504	-8019.0840	1647.3929	401.49379	26487.764	-105630.18	10868.188	283.41919	1927.7754	45307.547	-1507.5673	128.02077	1398.6835	-140.96211	-99.791024	3296.7978	-1262.7557	-106.54666	1534.8107	-94284.756	-1145.4961	39.118251	54.038264	-498.67457	-137.24729	-258.93305	-38.221817	75.662233	-175.98021	7963.2108	503.26980	-20.998696	-1.4872444	13.308854	-6.0592080	-105.18024	1.8524536	63.376991	2351.5168	-106.37362	-31.644384
-5264.9967	19078.963	936.55976	339.76202	-3635.3567	1023.6314	-8895.5281	-1613.2017	23.574517	-14.521346	82.380215	103.16816	-1504.3945	1201.2877	-2.3044677	-3570.4360	-34.977280	-33.595639	-54.228869	19.208273	101.55538	1522.9178	1984.6263	329.07229	-132.55704	-131.56193	500.19134	385.25840	36.912309	-586.07403	491.89575	219.68925	1209.1331	-2992.7474	432.13611	-121.79349	19.343743	50.244870	-1940.7194	-43.060275	1.8371084
0.00000000	0.00000000	0.00000000	0.00000000	0.00000000	0.00000000	0.00000000	0.00000000	0.00000000	0.00000000	0.00000000	0.00000000	0.00000000	0.00000000	0.00000000	0.00000000	0.00000000	0.00000000	0.00000000	0.00000000	0.00000000	0.00000000	0.00000000	0.00000000	0.00000000	0.00000000	0.00000000	0.00000000	0.00000000	0.00000000	0.00000000	0.00000000	0.00000000	0.00000000	0.00000000	0.00000000	0.00000000	0.00000000	0.00000000	0.00000000	0.00000000
0.00000000	0.00000000	0.00000000	0.00000000	0.00000000	0.00000000	0.00000000	0.00000000	0.00000000	0.00000000	0.00000000	0.00000000	0.00000000	0.00000000	0.00000000	0.00000000	0.00000000	0.00000000	0.00000000	0.00000000	0.00000000	0.00000000	0.00000000	0.00000000	0.00000000	0.00000000	0.00000000	0.00000000	0.00000000	0.00000000	0.00000000	0.00000000	0.00000000	0.00000000	0.00000000	0.00000000	0.00000000	0.00000000	0.00000000	0.00000000	0.00000000
Final difference between exponent and Taylor series 
1.0000000	0.00000000	1.0000000	0.00000000
1.0000000	0.00000000	1.0000000	0.00000000
1.0000000	0.00000000	1.0000000	0.00000000
1.0000000	0.00000000	1.0000000	0.00000000
1.0000000	0.00000000	1.0000000	0.00000000
1.0000000	0.00000000	1.0000000	0.00000000
1.0000000	0.00000000	1.0000000	0.00000000
2.3163670	3.3521435	1.0357766	1.2000000
2.6116965	3.9844528	1.3727564	1.2000000
2.9446796	4.7360336	1.7913541	1.2000000
3.3201169	5.6293839	2.3092670	1.2000000
3.7434214	6.6912453	2.9478239	1.2000000
4.2206958	7.9534039	3.7327081	1.2000000
4.7588212	9.4536414	4.6948201	1.2000000
5.3655560	11.236866	5.8713103	1.2000000
6.0496475	13.356458	7.3068104	1.2000000
6.8209585	15.875865	9.0549060	1.2000000
7.6906092	18.870503	11.179894	1.2000000
8.6711377	22.430015	13.758877	1.2000000
9.7766804	26.660951	16.884271	1.2000000
11.023176	31.689963	20.666786	1.2000000
12.428597	37.667588	25.238992	1.2000000
14.013204	44.772764	30.759560	1.2000000
15.799843	53.218176	37.418333	1.2000000
17.814273	63.256634	45.442360	1.2000000
20.085537	75.188628	55.103091	1.2000000
22.646380	89.371336	66.724956	1.2000000
25.533722	106.22930	80.695582	1.2000000
28.789191	126.26716	97.477972	1.2000000
32.459722	150.08473	117.62501	1.2000000
36.598234	178.39497	141.79673	1.2000000
41.264394	212.04531	170.78092	1.2000000
46.525474	252.04307	205.51760	1.2000000
52.457326	299.58554	247.12822	1.2000000
59.145470	356.09587	296.95040	1.2000000
66.686331	423.26565	356.57932	1.2000000
75.188628	503.10556	427.91693	1.2000000
84.774942	598.00553	513.23059	1.2000000
95.583480	710.80633	615.22285	1.2000000
107.77007	844.88456	737.11449	1.2000000
121.51042	1004.2537	882.74333	1.2000000
0.00000000	0.00000000	0.00000000	0.00000000

Vector Modified Chebushev algorithm ...
