
Date:8/2/2009
Time:13:38:23
Output format: Text
Calculations precision: 64


Date:8/2/2009
Time:13:40:35
Output format: Text
Calculations precision: 64

0.00000000	0.00000000	0.00000000	1.0000000
0.00000000	0.00000000	0.00000000	1.0000000
2.0000000	0.00000000	0.00000000	1.0000000
1.2500000	0.00000000	0.00000000	1.0000000
1.1111111	0.00000000	0.00000000	1.0000000
1.0625000	0.00000000	0.00000000	1.0000000
1.0400000	0.00000000	0.00000000	1.0000000
1.0277778	0.00000000	0.00000000	1.0000000
1.0204082	0.00000000	0.00000000	1.0000000
1.0156250	0.00000000	0.00000000	1.0000000
1.0123457	0.00000000	0.00000000	1.0000000
1.0100000	0.00000000	0.00000000	1.0000000
1.0082645	0.00000000	0.00000000	1.0000000
1.0069444	0.00000000	0.00000000	1.0000000
1.0059172	0.00000000	0.00000000	1.0000000
1.0051020	0.00000000	0.00000000	1.0000000
1.0044444	0.00000000	0.00000000	1.0000000
1.0039063	0.00000000	0.00000000	1.0000000
1.0034602	0.00000000	0.00000000	1.0000000
1.0030864	0.00000000	0.00000000	1.0000000
1.0027701	0.00000000	0.00000000	1.0000000
1.0025000	0.00000000	0.00000000	1.0000000
1.0022676	0.00000000	0.00000000	1.0000000
1.0020661	0.00000000	0.00000000	1.0000000
1.0018904	0.00000000	0.00000000	1.0000000
1.0017361	0.00000000	0.00000000	1.0000000
1.0016000	0.00000000	0.00000000	1.0000000
1.0014793	0.00000000	0.00000000	1.0000000
1.0013717	0.00000000	0.00000000	1.0000000
1.0012755	0.00000000	0.00000000	1.0000000
1.0011891	0.00000000	0.00000000	1.0000000
1.0011111	0.00000000	0.00000000	1.0000000
1.0010406	0.00000000	0.00000000	1.0000000
1.0009766	0.00000000	0.00000000	1.0000000
1.0009183	0.00000000	0.00000000	1.0000000
1.0008651	0.00000000	0.00000000	1.0000000
1.0008163	0.00000000	0.00000000	1.0000000
1.0007716	0.00000000	0.00000000	1.0000000
1.0007305	0.00000000	0.00000000	1.0000000
1.0006925	0.00000000	0.00000000	1.0000000
1.0006575	0.00000000	0.00000000	1.0000000
1.0006250	0.00000000	0.00000000	1.0000000
1.0005949	0.00000000	0.00000000	1.0000000
1.0005669	0.00000000	0.00000000	1.0000000
1.0005408	0.00000000	0.00000000	1.0000000
1.0005165	0.00000000	0.00000000	1.0000000
1.0004938	0.00000000	0.00000000	1.0000000
1.0004726	0.00000000	0.00000000	1.0000000
1.0004527	0.00000000	0.00000000	1.0000000
1.0004340	0.00000000	0.00000000	1.0000000
1.0004165	0.00000000	0.00000000	1.0000000
1.0004000	0.00000000	0.00000000	1.0000000
1.0003845	0.00000000	0.00000000	1.0000000
1.0003698	0.00000000	0.00000000	1.0000000
1.0003560	0.00000000	0.00000000	1.0000000
1.0003429	0.00000000	0.00000000	1.0000000
1.0003306	0.00000000	0.00000000	1.0000000
1.0003189	0.00000000	0.00000000	1.0000000
1.0003078	0.00000000	0.00000000	1.0000000
1.0002973	0.00000000	0.00000000	1.0000000
1.0002873	0.00000000	0.00000000	1.0000000
1.0002778	0.00000000	0.00000000	1.0000000
1.0002687	0.00000000	0.00000000	1.0000000
1.0002601	0.00000000	0.00000000	1.0000000
1.0002520	0.00000000	0.00000000	1.0000000
1.0002441	0.00000000	0.00000000	1.0000000
1.0002367	0.00000000	0.00000000	1.0000000
1.0002296	0.00000000	0.00000000	1.0000000
1.0002228	0.00000000	0.00000000	1.0000000
1.0002163	0.00000000	0.00000000	1.0000000
1.0002100	0.00000000	0.00000000	1.0000000
1.0002041	0.00000000	0.00000000	1.0000000
1.0001984	0.00000000	0.00000000	1.0000000
1.0001929	0.00000000	0.00000000	1.0000000
1.0001877	0.00000000	0.00000000	1.0000000
1.0001826	0.00000000	0.00000000	1.0000000
1.0001778	0.00000000	0.00000000	1.0000000
1.0001731	0.00000000	0.00000000	1.0000000
1.0001687	0.00000000	0.00000000	1.0000000
1.0001644	0.00000000	0.00000000	1.0000000
1.0001602	0.00000000	0.00000000	1.0000000
1.0001563	0.00000000	0.00000000	1.0000000
1.0001524	0.00000000	0.00000000	1.0000000
1.0001487	0.00000000	0.00000000	1.0000000
1.0001452	0.00000000	0.00000000	1.0000000
1.0001417	0.00000000	0.00000000	1.0000000
1.0001384	0.00000000	0.00000000	1.0000000
1.0001352	0.00000000	0.00000000	1.0000000
1.0001321	0.00000000	0.00000000	1.0000000
1.0001291	0.00000000	0.00000000	1.0000000
1.0001262	0.00000000	0.00000000	1.0000000
1.0001235	0.00000000	0.00000000	1.0000000
1.0001208	0.00000000	0.00000000	1.0000000
1.0001181	0.00000000	0.00000000	1.0000000
1.0001156	0.00000000	0.00000000	1.0000000
1.0001132	0.00000000	0.00000000	1.0000000
1.0001108	0.00000000	0.00000000	1.0000000
1.0001085	0.00000000	0.00000000	1.0000000
1.0001063	0.00000000	0.00000000	1.0000000
1.0001041	0.00000000	0.00000000	0.00000000
Approximation rate: from 100 to 100 by 1
Interval [0.00000000,4.1000000] step = 0.10000000
Final Solution for interval [0.00000000,4.1000000] with step = 0.10000000
0.00000000	0.10000000	0.20000000	0.30000000	0.40000000	0.50000000	0.60000000	0.70000000	0.80000000	0.90000000	1.0000000	1.1000000	1.2000000	1.3000000	1.4000000	1.5000000	1.6000000	1.7000000	1.8000000	1.9000000	2.0000000	2.1000000	2.2000000	2.3000000	2.4000000	2.5000000	2.6000000	2.7000000	2.8000000	2.9000000	3.0000000	3.1000000	3.2000000	3.3000000	3.4000000	3.5000000	3.6000000	3.7000000	3.8000000	3.9000000	4.0000000	
2.0000000	2.5141527	3.0912837	3.6859505	4.2467049	4.7342722	5.1314074	5.4405412	5.6751341	5.8516932	5.9852154	6.0875736	6.1675094	6.2312213	6.2830349	6.3259632	6.3621209	6.3930136	6.4197321	6.4430821	6.4636711	6.4819654	6.4983293	6.5130522	6.5263665	6.5384613	6.5494912	6.5595839	6.5688445	6.5773602	6.5852030	6.5924324	6.5990980	6.6052414	6.6108982	6.6160993	6.6208730	6.6252455	6.6292421	6.6328874	6.6362058
1.2500000	1.2301004	1.1263087	0.95743015	0.75998711	0.57034570	0.41126797	0.28983888	0.20280321	0.14277490	0.10217190	0.074837662	0.056313462	0.043567757	0.034610466	0.028157923	0.023386671	0.019766700	0.016953402	0.014719252	0.012911131	0.011423741	0.010183005	0.0091356154	0.0082423667	0.0074738459	0.0068075900	0.0062261774	0.0057159174	0.0052659318	0.0048674935	0.0045135398	0.0041983049	0.0039170365	0.0036657735	0.0034411714	0.0032403653	0.0030608635	0.0029004681	0.0027572162	0.0026293383
1.1111111	0.96477818	0.79718498	0.63188156	0.48563043	0.36610590	0.27372260	0.20487893	0.15464622	0.11831818	0.092035380	0.072881559	0.058754009	0.048175806	0.040122649	0.033886545	0.028976537	0.025049439	0.021862645	0.019242331	0.017062123	0.015228749	0.013672335	0.012339779	0.011190180	0.010191647	0.0093190391	0.0085523478	0.0078755147	0.0072755603	0.0067419252	0.0062659645	0.0058405517	0.0054597617	0.0051186174	0.0048128844	0.0045389081	0.0042934859	0.0040737716	0.0038772044	0.0037014598
1.0625000	1.0386733	1.0379954	1.0711187	1.1461669	1.2693561	1.4452549	1.6761407	1.9604737	2.2911464	2.6546875	3.0325258	3.4044192	3.7527178	4.0655173	4.3375514	4.5690852	4.7638901	4.9273056	5.0648776	5.1816156	5.2817066	5.3684953	5.4445863	5.5119842	5.5722283	5.6265053	5.6757381	5.7206520	5.7618230	5.7997131	5.8346954	5.8670730	5.8970929	5.9249565	5.9508294	5.9748484	5.9971289	6.0177703	6.0368616	6.0544851
1.0400000	1.0351780	1.0474101	1.0749053	1.1123862	1.1513737	1.1808945	1.1890382	1.1655547	1.1049912	1.0090526	0.88670089	0.75151977	0.61754475	0.49564711	0.39190372	0.30795619	0.24243160	0.19246938	0.15484554	0.12660409	0.10531222	0.089093620	0.076559000	0.066705273	0.058818286	0.052392429	0.047069331	0.042593332	0.038780084	0.035494832	0.032637533	0.030132702	0.027922460	0.025961748	0.024214976	0.022653643	0.021254620	0.019998866	0.018870473	0.017855939
1.0277778	1.0224095	1.0174774	1.0083865	0.99013600	0.95838909	0.91055564	0.84658834	0.76916510	0.68311015	0.59423329	0.50803237	0.42872004	0.35881090	0.29922236	0.24967527	0.20916864	0.17638305	0.14995782	0.12864785	0.11139143	0.097322814	0.085755952	0.076156709	0.068113220	0.061309086	0.055501073	0.050501448	0.046164413	0.042375872	0.039045796	0.036102553	0.033488682	0.031157744	0.029071937	0.027200267	0.025517134	0.024001211	0.022634543	0.021401835	0.020289870
1.0204082	1.0168290	1.0130300	1.0076463	1.0002598	0.99174797	0.98440110	0.98180065	0.98851797	1.0097438	1.0509463	1.1175896	1.2148569	1.3472545	1.5179733	1.7279799	1.9750023	2.2528172	2.5513512	2.8579100	3.1593184	3.4442278	3.7047374	3.9368817	4.1401131	4.3162586	4.4684266	4.6001488	4.7148339	4.8154906	4.9046336	4.9842954	5.0560858	5.1212665	5.1808224	5.2355229	5.2859714	5.3326436	5.3759171	5.4160943	5.4534201
1.0156250	1.0133379	1.0116517	1.0108969	1.0119875	1.0162889	1.0253532	1.0405605	1.0627094	1.0915980	1.1256372	1.1615600	1.1943340	1.2174320	1.2236139	1.2062616	1.1610653	1.0875411	0.98969633	0.87536799	0.75435531	0.63609792	0.52783251	0.43378445	0.35535714	0.29189894	0.24159167	0.20217609	0.17142221	0.14737159	0.12842170	0.11332019	0.10111755	0.091107697	0.082771401	0.075728547	0.069700632	0.064482513	0.059921725	0.055903620	0.052340787
1.0123457	1.0107494	1.0095269	1.0087293	1.0084222	1.0085084	1.0085484	1.0076196	1.0042594	0.99652515	0.98219780	0.95912289	0.92564497	0.88103989	0.82581685	0.76177201	0.69174499	0.61913521	0.54732519	0.47918120	0.41675084	0.36118710	0.31285136	0.27151303	0.23656881	0.20723201	0.18267079	0.16209506	0.14480201	0.13019271	0.11777128	0.10713499	0.097960547	0.089990158	0.083018686	0.076882751	0.071451797	0.066620978	0.062305589	0.058436732	0.054957947
1.0100000	1.0088360	1.0078724	1.0070177	1.0061057	1.0048525	1.0028577	0.99965930	0.99484538	0.98820690	0.97990863	0.97064398	0.96174118	0.95519920	0.95365091	0.96027089	0.97865533	1.0126960	1.0664478	1.1439585	1.2490022	1.3846520	1.5526642	1.7527352	1.9818281	2.2338781	2.5001704	2.7704707	3.0346377	3.2841861	3.5132968	3.7190575	3.9010589	4.0606575	4.2002041	4.3224221	4.4299930	4.5253293	4.6104834	4.6871389	4.7566451
1.0082645	1.0073908	1.0066541	1.0060141	1.0054340	1.0048995	1.0044594	1.0042782	1.0046900	1.0062344	1.0096621	1.0158955	1.0259384	1.0407350	1.0609812	1.0868969	1.1179738	1.1527243	1.1884779	1.2213002	1.2461353	1.2572705	1.2491732	1.2176199	1.1608615	1.0804217	0.98113387	0.87026761	0.75599593	0.64576026	0.54509353	0.45717436	0.38303271	0.32212322	0.27297490	0.23373244	0.20252304	0.17766005	0.15772709	0.14158848	0.12836170
1.0069444	1.0062719	1.0056974	1.0052045	1.0047912	1.0044792	1.0043214	1.0044008	1.0048142	1.0056362	1.0068637	1.0083456	1.0097069	1.0102825	1.0090799	1.0047895	0.99586420	0.98067615	0.95774618	0.92601547	0.88510409	0.83548561	0.77851473	0.71628082	0.65131358	0.58621662	0.52332365	0.46445521	0.41081048	0.36298375	0.32106590	0.28478406	0.25364119	0.22703257	0.20433073	0.18493966	0.16832413	0.15402148	0.14164200	0.13086327	0.12142150
1.0059172	1.0053882	1.0049302	1.0045309	1.0041815	1.0038741	1.0035943	1.0033091	1.0029502	1.0023960	1.0014580	0.99987677	0.99733651	0.99350130	0.98807628	0.98089041	0.97199248	0.96174684	0.95091353	0.94069870	0.93276818	0.92922568	0.93256538	0.94561200	0.97145701	1.0133873	1.0747849	1.1589587	1.2688626	1.4066642	1.5731786	1.7672622	1.9853582	2.2214404	2.4675285	2.7147513	2.9546721	3.1804634	3.3875880	3.5738866	3.7392002
1.0051020	1.0046785	1.0043075	1.0039801	1.0036886	1.0034242	1.0031751	1.0029244	1.0026516	1.0023378	1.0019782	1.0016016	1.0012968	1.0012424	1.0017355	1.0032126	1.0062563	1.0115795	1.0199838	1.0322867	1.0492175	1.0712795	1.0985843	1.1306624	1.1662685	1.2032134	1.2382728	1.2672464	1.2852412	1.2872337	1.2688924	1.2275313	1.1629405	1.0777801	0.97730351	0.86841010	0.75831462	0.65328123	0.55780120	0.47435358	0.40364431
1.0044444	1.0040999	1.0037953	1.0035243	1.0032819	1.0030642	1.0028687	1.0026965	1.0025552	1.0024635	1.0024564	1.0025890	1.0029374	1.0035927	1.0046468	1.0061681	1.0081650	1.0105419	1.0130482	1.0152302	1.0163941	1.0155928	1.0116499	1.0032329	0.98898026	0.96767796	0.93846249	0.90101331	0.85568621	0.80354400	0.74626253	0.68592449	0.62474693	0.56480747	0.50782831	0.45505356	0.40722380	0.36462740	0.32719674	0.29461822	0.26643424
1.0039063	1.0036222	1.0033690	1.0031421	1.0029379	1.0027537	1.0025877	1.0024393	1.0023089	1.0021974	1.0021036	1.0020199	1.0019253	1.0017761	1.0014945	1.0009582	0.99999267	0.99836962	0.99581608	0.99203658	0.98675094	0.97974679	0.97094382	0.96046295	0.94869152	0.93633521	0.92444879	0.91444279	0.90806810	0.90738552	0.91472887	0.93266707	0.96396276	1.0115131	1.0782461	1.1669357	1.2799046	1.4186021	1.5830987	1.7716087	1.9802175
1.0034602	1.0032233	1.0030105	1.0028186	1.0026449	1.0024870	1.0023429	1.0022107	1.0020876	1.0019693	1.0018490	1.0017156	1.0015531	1.0013410	1.0010573	1.0006841	1.0002177	0.99968382	0.99915560	0.99877509	0.99877431	0.99949289	1.0013880	1.0050325	1.0110970	1.0203127	1.0334127	1.0510486	1.0736825	1.1014542	1.1340273	1.1704256	1.2088818	1.2467360	1.2804369	1.3057069	1.3179221	1.3127189	1.2867670	1.2385525	1.1689409
1.0030864	1.0028867	1.0027062	1.0025425	1.0023934	1.0022573	1.0021326	1.0020178	1.0019117	1.0018130	1.0017209	1.0016362	1.0015619	1.0015066	1.0014869	1.0015312	1.0016833	1.0020049	1.0025751	1.0034861	1.0048335	1.0066990	1.0091258	1.0120869	1.0154471	1.0189235	1.0220494	1.0241483	1.0243291	1.0215102	1.0144841	1.0020239	0.98302923	0.95669440	0.92266985	0.88118055	0.83306538	0.77971734	0.72292871	0.66467243	0.60686839
1.0027701	1.0026001	1.0024457	1.0023049	1.0021761	1.0020580	1.0019494	1.0018493	1.0017570	1.0016722	1.0015948	1.0015260	1.0014677	1.0014228	1.0013950	1.0013872	1.0013988	1.0014222	1.0014365	1.0013999	1.0012418	1.0008540	1.0000839	0.99873261	0.99655779	0.99328699	0.98864090	0.98236827	0.97429130	0.96435820	0.95269762	0.93966821	0.92589648	0.91229775	0.90007839	0.89072128	0.88596026	0.88775043	0.89823946	0.91973983	0.95469384
1.0025000	1.0023542	1.0022210	1.0020991	1.0019870	1.0018839	1.0017886	1.0017005	1.0016189	1.0015431	1.0014726	1.0014067	1.0013443	1.0012834	1.0012202	1.0011487	1.0010589	1.0009363	1.0007614	1.0005103	1.0001574	0.99967976	0.99906504	0.99832276	0.99749823	0.99668909	0.99606274	0.99587247	0.99646987	0.99831034	1.0019489	1.0080234	1.0172229	1.0302383	1.0476948	1.0700633	1.0975517	1.1299775	1.1666306	1.2061398	1.2463719
1.0022676	1.0021415	1.0020259	1.0019196	1.0018215	1.0017309	1.0016469	1.0015689	1.0014964	1.0014288	1.0013656	1.0013061	1.0012497	1.0011955	1.0011426	1.0010904	1.0010389	1.0009899	1.0009485	1.0009253	1.0009392	1.0010204	1.0012133	1.0015787	1.0021945	1.0031529	1.0045543	1.0064960	1.0090546	1.0122631	1.0160822	1.0203672	1.0248347	1.0290324	1.0323188	1.0338607	1.0326560	1.0275890	1.0175224	1.0014205	0.97849238
1.0020661	1.0019564	1.0018554	1.0017621	1.0016758	1.0015957	1.0015213	1.0014521	1.0013875	1.0013271	1.0012707	1.0012178	1.0011683	1.0011222	1.0010799	1.0010421	1.0010104	1.0009877	1.0009776	1.0009853	1.0010162	1.0010753	1.0011647	1.0012799	1.0014057	1.0015092	1.0015333	1.0013893	1.0009502	1.0000467	0.99846691	0.99596250	0.99226243	0.98709591	0.98022438	0.97148141	0.96081724	0.94834337	0.93437150	0.91944146	0.90433429
1.0018904	1.0017943	1.0017055	1.0016232	1.0015468	1.0014758	1.0014095	1.0013477	1.0012899	1.0012358	1.0011850	1.0011374	1.0010927	1.0010508	1.0010114	1.0009746	1.0009400	1.0009070	1.0008742	1.0008390	1.0007968	1.0007399	1.0006567	1.0005309	1.0003409	1.0000602	0.99965932	0.99910882	0.99838555	0.99748073	0.99641095	0.99523140	0.99405049	0.99304460	0.99247110	0.99267754	0.99410477	0.99728179	1.0028104	1.0113381	1.0235175
1.0017361	1.0016515	1.0015730	1.0015001	1.0014322	1.0013688	1.0013096	1.0012542	1.0012023	1.0011535	1.0011077	1.0010645	1.0010239	1.0009854	1.0009490	1.0009142	1.0008807	1.0008477	1.0008145	1.0007800	1.0007429	1.0007024	1.0006583	1.0006121	1.0005685	1.0005374	1.0005364	1.0005933	1.0007490	1.0010599	1.0015991	1.0024557	1.0037313	1.0055325	1.0079601	1.0110916	1.0149599	1.0195280	1.0246597	1.0300911	1.0354058
1.0016000	1.0015251	1.0014554	1.0013905	1.0013298	1.0012731	1.0012199	1.0011701	1.0011232	1.0010792	1.0010377	1.0009985	1.0009616	1.0009266	1.0008935	1.0008621	1.0008324	1.0008043	1.0007779	1.0007537	1.0007326	1.0007162	1.0007070	1.0007088	1.0007267	1.0007673	1.0008381	1.0009464	1.0010979	1.0012935	1.0015255	1.0017727	1.0019943	1.0021231	1.0020597	1.0016666	1.0007662	0.99914214	0.99654606	0.99271191	0.98737719
1.0014793	1.0014127	1.0013505	1.0012924	1.0012380	1.0011870	1.0011391	1.0010941	1.0010517	1.0010118	1.0009741	1.0009385	1.0009048	1.0008729	1.0008427	1.0008141	1.0007870	1.0007614	1.0007374	1.0007150	1.0006943	1.0006753	1.0006580	1.0006417	1.0006250	1.0006051	1.0005771	1.0005330	1.0004610	1.0003442	1.0001604	0.99988201	0.99947666	0.99890992	0.99814919	0.99716987	0.99596371	0.99454916	0.99298342	0.99137510	0.98989644
1.0013717	1.0013122	1.0012565	1.0012044	1.0011554	1.0011094	1.0010661	1.0010253	1.0009868	1.0009505	1.0009161	1.0008836	1.0008528	1.0008236	1.0007959	1.0007695	1.0007445	1.0007206	1.0006978	1.0006759	1.0006547	1.0006336	1.0006123	1.0005898	1.0005649	1.0005361	1.0005018	1.0004603	1.0004106	1.0003531	1.0002909	1.0002315	1.0001889	1.0001863	1.0002585	1.0004545	1.0008390	1.0014934	1.0025139	1.0040079	1.0060864
1.0012755	1.0012221	1.0011720	1.0011250	1.0010808	1.0010391	1.0009998	1.0009628	1.0009277	1.0008946	1.0008632	1.0008335	1.0008052	1.0007784	1.0007529	1.0007286	1.0007055	1.0006835	1.0006624	1.0006422	1.0006229	1.0006043	1.0005864	1.0005694	1.0005535	1.0005394	1.0005284	1.0005223	1.0005242	1.0005387	1.0005717	1.0006308	1.0007252	1.0008646	1.0010581	1.0013122	1.0016272	1.0019937	1.0023875	1.0027637	1.0030510
1.0011891	1.0011410	1.0010958	1.0010532	1.0010131	1.0009753	1.0009396	1.0009058	1.0008738	1.0008435	1.0008147	1.0007874	1.0007615	1.0007368	1.0007133	1.0006909	1.0006696	1.0006492	1.0006298	1.0006113	1.0005936	1.0005768	1.0005610	1.0005462	1.0005326	1.0005206	1.0005103	1.0005020	1.0004958	1.0004913	1.0004875	1.0004818	1.0004699	1.0004444	1.0003941	1.0003034	1.0001508	0.99990933	0.99954629	0.99902493	0.99830696
1.0011111	1.0010677	1.0010267	1.0009881	1.0009517	1.0009172	1.0008846	1.0008537	1.0008244	1.0007966	1.0007702	1.0007451	1.0007212	1.0006985	1.0006768	1.0006561	1.0006363	1.0006175	1.0005994	1.0005822	1.0005657	1.0005499	1.0005347	1.0005202	1.0005061	1.0004923	1.0004785	1.0004642	1.0004486	1.0004307	1.0004089	1.0003814	1.0003459	1.0002999	1.0002413	1.0001690	1.0000837	0.99998974	0.99989664	0.99982136	0.99979070
1.0010406	1.0010012	1.0009640	1.0009288	1.0008956	1.0008641	1.0008343	1.0008060	1.0007791	1.0007536	1.0007293	1.0007061	1.0006841	1.0006630	1.0006429	1.0006238	1.0006055	1.0005879	1.0005711	1.0005551	1.0005397	1.0005249	1.0005106	1.0004969	1.0004836	1.0004707	1.0004581	1.0004457	1.0004335	1.0004217	1.0004106	1.0004008	1.0003936	1.0003912	1.0003968	1.0004149	1.0004519	1.0005160	1.0006172	1.0007668	1.0009766
1.0009766	1.0009407	1.0009068	1.0008747	1.0008444	1.0008155	1.0007882	1.0007622	1.0007374	1.0007139	1.0006915	1.0006701	1.0006497	1.0006302	1.0006116	1.0005938	1.0005768	1.0005605	1.0005448	1.0005299	1.0005155	1.0005017	1.0004885	1.0004758	1.0004636	1.0004519	1.0004408	1.0004304	1.0004207	1.0004120	1.0004046	1.0003990	1.0003956	1.0003949	1.0003974	1.0004030	1.0004113	1.0004205	1.0004272	1.0004254	1.0004058
1.0009183	1.0008856	1.0008546	1.0008252	1.0007974	1.0007709	1.0007457	1.0007218	1.0006990	1.0006773	1.0006565	1.0006367	1.0006178	1.0005998	1.0005825	1.0005659	1.0005501	1.0005349	1.0005203	1.0005063	1.0004929	1.0004800	1.0004677	1.0004558	1.0004443	1.0004333	1.0004228	1.0004127	1.0004030	1.0003936	1.0003845	1.0003755	1.0003661	1.0003559	1.0003440	1.0003292	1.0003096	1.0002832	1.0002472	1.0001983	1.0001335
1.0008651	1.0008351	1.0008068	1.0007798	1.0007542	1.0007299	1.0007067	1.0006846	1.0006635	1.0006434	1.0006242	1.0006058	1.0005883	1.0005715	1.0005554	1.0005400	1.0005252	1.0005110	1.0004974	1.0004843	1.0004718	1.0004597	1.0004481	1.0004369	1.0004261	1.0004157	1.0004057	1.0003960	1.0003866	1.0003774	1.0003683	1.0003593	1.0003503	1.0003411	1.0003317	1.0003222	1.0003128	1.0003040	1.0002970	1.0002937	1.0002971
1.0008163	1.0007889	1.0007628	1.0007380	1.0007145	1.0006920	1.0006706	1.0006501	1.0006306	1.0006120	1.0005942	1.0005771	1.0005608	1.0005451	1.0005301	1.0005158	1.0005020	1.0004887	1.0004760	1.0004637	1.0004520	1.0004406	1.0004297	1.0004192	1.0004091	1.0003993	1.0003899	1.0003808	1.0003721	1.0003636	1.0003555	1.0003478	1.0003406	1.0003339	1.0003280	1.0003232	1.0003199	1.0003187	1.0003202	1.0003252	1.0003344
1.0007716	1.0007464	1.0007224	1.0006995	1.0006778	1.0006570	1.0006372	1.0006182	1.0006001	1.0005828	1.0005663	1.0005504	1.0005352	1.0005206	1.0005066	1.0004931	1.0004802	1.0004678	1.0004559	1.0004444	1.0004334	1.0004227	1.0004125	1.0004026	1.0003931	1.0003839	1.0003750	1.0003665	1.0003582	1.0003503	1.0003427	1.0003355	1.0003285	1.0003220	1.0003157	1.0003098	1.0003041	1.0002985	1.0002926	1.0002858	1.0002773
1.0007305	1.0007072	1.0006851	1.0006640	1.0006438	1.0006246	1.0006062	1.0005886	1.0005718	1.0005557	1.0005403	1.0005255	1.0005113	1.0004976	1.0004846	1.0004720	1.0004599	1.0004483	1.0004371	1.0004263	1.0004159	1.0004059	1.0003962	1.0003869	1.0003780	1.0003693	1.0003609	1.0003528	1.0003450	1.0003375	1.0003302	1.0003232	1.0003164	1.0003098	1.0003033	1.0002969	1.0002905	1.0002839	1.0002770	1.0002697	1.0002617
1.0006925	1.0006711	1.0006506	1.0006310	1.0006124	1.0005945	1.0005774	1.0005611	1.0005454	1.0005304	1.0005160	1.0005022	1.0004889	1.0004762	1.0004639	1.0004521	1.0004408	1.0004299	1.0004194	1.0004092	1.0003995	1.0003900	1.0003809	1.0003722	1.0003637	1.0003555	1.0003476	1.0003400	1.0003326	1.0003254	1.0003185	1.0003119	1.0003054	1.0002992	1.0002933	1.0002875	1.0002821	1.0002769	1.0002721	1.0002679	1.0002645
1.0006575	1.0006376	1.0006186	1.0006005	1.0005832	1.0005666	1.0005507	1.0005354	1.0005208	1.0005068	1.0004934	1.0004804	1.0004680	1.0004561	1.0004446	1.0004335	1.0004229	1.0004126	1.0004027	1.0003932	1.0003840	1.0003751	1.0003665	1.0003582	1.0003502	1.0003425	1.0003350	1.0003278	1.0003208	1.0003140	1.0003075	1.0003012	1.0002952	1.0002893	1.0002838	1.0002784	1.0002734	1.0002687	1.0002642	1.0002602	1.0002565
1.0006250	1.0006066	1.0005890	1.0005721	1.0005560	1.0005405	1.0005257	1.0005115	1.0004979	1.0004848	1.0004722	1.0004601	1.0004484	1.0004372	1.0004264	1.0004160	1.0004060	1.0003964	1.0003871	1.0003781	1.0003694	1.0003610	1.0003529	1.0003451	1.0003375	1.0003302	1.0003231	1.0003162	1.0003096	1.0003032	1.0002970	1.0002910	1.0002853	1.0002797	1.0002744	1.0002692	1.0002643	1.0002595	1.0002550	1.0002505	1.0002461
1.0005949	1.0005778	1.0005614	1.0005457	1.0005307	1.0005163	1.0005024	1.0004892	1.0004764	1.0004641	1.0004523	1.0004410	1.0004300	1.0004195	1.0004094	1.0003996	1.0003902	1.0003811	1.0003723	1.0003638	1.0003556	1.0003477	1.0003400	1.0003326	1.0003254	1.0003185	1.0003118	1.0003053	1.0002990	1.0002929	1.0002870	1.0002814	1.0002759	1.0002706	1.0002655	1.0002606	1.0002558	1.0002513	1.0002469	1.0002427	1.0002387
1.0005669	1.0005510	1.0005357	1.0005211	1.0005071	1.0004936	1.0004807	1.0004682	1.0004563	1.0004448	1.0004337	1.0004230	1.0004128	1.0004029	1.0003933	1.0003841	1.0003752	1.0003666	1.0003583	1.0003503	1.0003426	1.0003351	1.0003278	1.0003208	1.0003140	1.0003074	1.0003011	1.0002949	1.0002889	1.0002832	1.0002776	1.0002722	1.0002669	1.0002619	1.0002571	1.0002524	1.0002479	1.0002436	1.0002395	1.0002356	1.0002320
1.0005408	1.0005260	1.0005118	1.0004981	1.0004850	1.0004724	1.0004603	1.0004486	1.0004374	1.0004266	1.0004162	1.0004062	1.0003965	1.0003872	1.0003782	1.0003695	1.0003611	1.0003530	1.0003452	1.0003376	1.0003302	1.0003232	1.0003163	1.0003096	1.0003032	1.0002970	1.0002909	1.0002850	1.0002794	1.0002739	1.0002686	1.0002634	1.0002584	1.0002536	1.0002490	1.0002446	1.0002403	1.0002362	1.0002323	1.0002286	1.0002250
1.0005165	1.0005027	1.0004894	1.0004766	1.0004643	1.0004525	1.0004411	1.0004302	1.0004197	1.0004095	1.0003997	1.0003903	1.0003812	1.0003724	1.0003639	1.0003557	1.0003478	1.0003401	1.0003327	1.0003255	1.0003186	1.0003118	1.0003053	1.0002990	1.0002929	1.0002870	1.0002812	1.0002757	1.0002703	1.0002650	1.0002600	1.0002551	1.0002503	1.0002458	1.0002414	1.0002371	1.0002330	1.0002291	1.0002253	1.0002217	1.0002183
1.0004938	1.0004809	1.0004684	1.0004565	1.0004449	1.0004339	1.0004232	1.0004129	1.0004030	1.0003934	1.0003842	1.0003753	1.0003667	1.0003584	1.0003504	1.0003427	1.0003352	1.0003279	1.0003209	1.0003141	1.0003075	1.0003011	1.0002950	1.0002890	1.0002831	1.0002775	1.0002720	1.0002667	1.0002616	1.0002566	1.0002518	1.0002471	1.0002426	1.0002382	1.0002340	1.0002300	1.0002261	1.0002223	1.0002187	1.0002153	1.0002120
1.0004726	1.0004605	1.0004488	1.0004376	1.0004268	1.0004163	1.0004063	1.0003966	1.0003873	1.0003783	1.0003696	1.0003612	1.0003531	1.0003452	1.0003377	1.0003303	1.0003232	1.0003164	1.0003097	1.0003033	1.0002970	1.0002910	1.0002851	1.0002794	1.0002739	1.0002685	1.0002633	1.0002583	1.0002534	1.0002486	1.0002440	1.0002395	1.0002352	1.0002311	1.0002270	1.0002232	1.0002194	1.0002159	1.0002124	1.0002091	1.0002060
1.0004527	1.0004413	1.0004304	1.0004198	1.0004097	1.0003999	1.0003904	1.0003813	1.0003725	1.0003640	1.0003558	1.0003479	1.0003402	1.0003328	1.0003256	1.0003186	1.0003119	1.0003054	1.0002991	1.0002930	1.0002870	1.0002813	1.0002757	1.0002703	1.0002650	1.0002599	1.0002550	1.0002502	1.0002455	1.0002410	1.0002366	1.0002323	1.0002282	1.0002242	1.0002204	1.0002166	1.0002131	1.0002097	1.0002064	1.0002032	1.0002002
1.0004340	1.0004233	1.0004131	1.0004031	1.0003936	1.0003843	1.0003754	1.0003668	1.0003585	1.0003505	1.0003428	1.0003352	1.0003280	1.0003210	1.0003142	1.0003076	1.0003012	1.0002950	1.0002890	1.0002832	1.0002776	1.0002721	1.0002668	1.0002616	1.0002566	1.0002517	1.0002470	1.0002424	1.0002380	1.0002337	1.0002295	1.0002254	1.0002214	1.0002176	1.0002140	1.0002104	1.0002070	1.0002037	1.0002006	1.0001975	1.0001947
1.0004165	1.0004064	1.0003968	1.0003874	1.0003784	1.0003697	1.0003613	1.0003532	1.0003453	1.0003378	1.0003304	1.0003233	1.0003164	1.0003098	1.0003033	1.0002971	1.0002910	1.0002851	1.0002794	1.0002739	1.0002685	1.0002633	1.0002583	1.0002534	1.0002486	1.0002440	1.0002394	1.0002351	1.0002308	1.0002267	1.0002227	1.0002188	1.0002150	1.0002114	1.0002078	1.0002044	1.0002012	1.0001980	1.0001950	1.0001921	1.0001893
1.0004000	1.0003905	1.0003814	1.0003726	1.0003641	1.0003559	1.0003480	1.0003403	1.0003329	1.0003257	1.0003187	1.0003120	1.0003055	1.0002992	1.0002930	1.0002871	1.0002813	1.0002758	1.0002703	1.0002651	1.0002600	1.0002550	1.0002502	1.0002455	1.0002409	1.0002365	1.0002322	1.0002280	1.0002240	1.0002200	1.0002162	1.0002124	1.0002088	1.0002054	1.0002020	1.0001987	1.0001956	1.0001926	1.0001897	1.0001869	1.0001842
1.0003845	1.0003756	1.0003670	1.0003586	1.0003506	1.0003428	1.0003353	1.0003281	1.0003210	1.0003142	1.0003076	1.0003013	1.0002951	1.0002891	1.0002833	1.0002776	1.0002721	1.0002668	1.0002617	1.0002567	1.0002518	1.0002471	1.0002425	1.0002380	1.0002336	1.0002294	1.0002253	1.0002213	1.0002174	1.0002136	1.0002100	1.0002064	1.0002029	1.0001996	1.0001964	1.0001932	1.0001902	1.0001873	1.0001846	1.0001819	1.0001793
1.0003698	1.0003614	1.0003533	1.0003454	1.0003378	1.0003305	1.0003234	1.0003165	1.0003098	1.0003034	1.0002971	1.0002911	1.0002852	1.0002795	1.0002740	1.0002686	1.0002634	1.0002583	1.0002534	1.0002486	1.0002440	1.0002395	1.0002351	1.0002308	1.0002267	1.0002226	1.0002187	1.0002149	1.0002111	1.0002075	1.0002040	1.0002006	1.0001973	1.0001941	1.0001910	1.0001880	1.0001851	1.0001823	1.0001796	1.0001771	1.0001746
1.0003560	1.0003481	1.0003404	1.0003329	1.0003258	1.0003188	1.0003121	1.0003055	1.0002992	1.0002931	1.0002872	1.0002814	1.0002758	1.0002704	1.0002651	1.0002600	1.0002550	1.0002502	1.0002455	1.0002410	1.0002365	1.0002322	1.0002280	1.0002240	1.0002200	1.0002161	1.0002124	1.0002087	1.0002051	1.0002017	1.0001983	1.0001950	1.0001919	1.0001888	1.0001858	1.0001829	1.0001802	1.0001775	1.0001749	1.0001724	1.0001700
1.0003429	1.0003354	1.0003282	1.0003211	1.0003143	1.0003077	1.0003013	1.0002951	1.0002891	1.0002833	1.0002777	1.0002722	1.0002669	1.0002617	1.0002567	1.0002518	1.0002471	1.0002425	1.0002380	1.0002337	1.0002294	1.0002253	1.0002213	1.0002174	1.0002136	1.0002099	1.0002063	1.0002028	1.0001994	1.0001961	1.0001928	1.0001897	1.0001867	1.0001837	1.0001808	1.0001781	1.0001754	1.0001728	1.0001703	1.0001679	1.0001656
1.0003306	1.0003235	1.0003166	1.0003099	1.0003035	1.0002972	1.0002911	1.0002853	1.0002796	1.0002740	1.0002686	1.0002634	1.0002584	1.0002534	1.0002487	1.0002440	1.0002395	1.0002351	1.0002308	1.0002267	1.0002226	1.0002187	1.0002149	1.0002111	1.0002075	1.0002040	1.0002005	1.0001972	1.0001939	1.0001907	1.0001876	1.0001846	1.0001817	1.0001788	1.0001761	1.0001734	1.0001708	1.0001683	1.0001658	1.0001634	1.0001610
1.0003189	1.0003121	1.0003056	1.0002993	1.0002932	1.0002872	1.0002815	1.0002759	1.0002704	1.0002652	1.0002601	1.0002551	1.0002503	1.0002456	1.0002410	1.0002366	1.0002323	1.0002281	1.0002240	1.0002200	1.0002161	1.0002124	1.0002087	1.0002051	1.0002017	1.0001983	1.0001950	1.0001917	1.0001886	1.0001855	1.0001826	1.0001797	1.0001768	1.0001741	1.0001714	1.0001688	1.0001663	1.0001637	1.0001612	1.0001587	1.0001562
1.0003078	1.0003014	1.0002952	1.0002892	1.0002834	1.0002777	1.0002722	1.0002669	1.0002618	1.0002567	1.0002519	1.0002471	1.0002425	1.0002381	1.0002337	1.0002295	1.0002253	1.0002213	1.0002174	1.0002136	1.0002099	1.0002063	1.0002028	1.0001994	1.0001960	1.0001928	1.0001896	1.0001865	1.0001835	1.0001806	1.0001777	1.0001749	1.0001722	1.0001695	1.0001669	1.0001643	1.0001617	1.0001591	1.0001563	1.0001534	1.0001503
1.0002973	1.0002912	1.0002853	1.0002796	1.0002741	1.0002687	1.0002635	1.0002584	1.0002535	1.0002487	1.0002441	1.0002395	1.0002352	1.0002309	1.0002267	1.0002227	1.0002187	1.0002149	1.0002112	1.0002075	1.0002040	1.0002005	1.0001972	1.0001939	1.0001907	1.0001876	1.0001845	1.0001815	1.0001786	1.0001758	1.0001730	1.0001703	1.0001676	1.0001650	1.0001623	1.0001596	1.0001568	1.0001537	1.0001504	1.0001465	1.0001419
1.0002873	1.0002815	1.0002759	1.0002705	1.0002652	1.0002601	1.0002551	1.0002503	1.0002456	1.0002410	1.0002366	1.0002323	1.0002281	1.0002240	1.0002200	1.0002162	1.0002124	1.0002087	1.0002052	1.0002017	1.0001983	1.0001950	1.0001917	1.0001886	1.0001855	1.0001825	1.0001796	1.0001767	1.0001739	1.0001712	1.0001685	1.0001658	1.0001631	1.0001604	1.0001575	1.0001544	1.0001509	1.0001469	1.0001420	1.0001359	1.0001282
1.0002778	1.0002723	1.0002670	1.0002618	1.0002568	1.0002519	1.0002472	1.0002426	1.0002381	1.0002337	1.0002295	1.0002254	1.0002214	1.0002175	1.0002137	1.0002100	1.0002064	1.0002028	1.0001994	1.0001961	1.0001928	1.0001896	1.0001865	1.0001835	1.0001806	1.0001777	1.0001749	1.0001721	1.0001694	1.0001667	1.0001640	1.0001612	1.0001584	1.0001553	1.0001518	1.0001478	1.0001428	1.0001365	1.0001283	1.0001174	1.0001031
1.0002687	1.0002635	1.0002585	1.0002535	1.0002488	1.0002441	1.0002396	1.0002352	1.0002309	1.0002268	1.0002227	1.0002188	1.0002149	1.0002112	1.0002076	1.0002040	1.0002006	1.0001972	1.0001939	1.0001907	1.0001876	1.0001845	1.0001815	1.0001786	1.0001758	1.0001730	1.0001703	1.0001676	1.0001649	1.0001622	1.0001594	1.0001564	1.0001530	1.0001491	1.0001442	1.0001380	1.0001297	1.0001186	1.0001035	1.0000831	1.0000555
1.0002601	1.0002552	1.0002503	1.0002456	1.0002411	1.0002367	1.0002323	1.0002281	1.0002241	1.0002201	1.0002162	1.0002124	1.0002088	1.0002052	1.0002017	1.0001983	1.0001950	1.0001918	1.0001886	1.0001855	1.0001825	1.0001796	1.0001768	1.0001740	1.0001712	1.0001685	1.0001658	1.0001632	1.0001604	1.0001575	1.0001543	1.0001506	1.0001461	1.0001402	1.0001323	1.0001216	1.0001066	1.0000858	1.0000571	1.0000178	0.99996481
1.0002520	1.0002472	1.0002426	1.0002381	1.0002338	1.0002295	1.0002254	1.0002214	1.0002175	1.0002137	1.0002100	1.0002064	1.0002029	1.0001994	1.0001961	1.0001928	1.0001897	1.0001866	1.0001835	1.0001806	1.0001777	1.0001749	1.0001721	1.0001694	1.0001668	1.0001641	1.0001614	1.0001587	1.0001557	1.0001523	1.0001481	1.0001428	1.0001357	1.0001258	1.0001117	1.0000918	1.0000635	1.0000239	0.99996920	0.99989465	0.99979463
1.0002441	1.0002396	1.0002352	1.0002309	1.0002268	1.0002227	1.0002188	1.0002150	1.0002112	1.0002076	1.0002040	1.0002006	1.0001972	1.0001939	1.0001907	1.0001876	1.0001845	1.0001816	1.0001787	1.0001758	1.0001731	1.0001703	1.0001677	1.0001650	1.0001624	1.0001597	1.0001569	1.0001538	1.0001501	1.0001455	1.0001393	1.0001306	1.0001182	1.0001000	1.0000738	1.0000361	0.99998256	0.99990791	0.99980545	0.99966720	0.99948381
1.0002367	1.0002324	1.0002282	1.0002241	1.0002201	1.0002162	1.0002125	1.0002088	1.0002052	1.0002017	1.0001983	1.0001950	1.0001918	1.0001886	1.0001856	1.0001826	1.0001796	1.0001768	1.0001740	1.0001713	1.0001686	1.0001660	1.0001634	1.0001607	1.0001581	1.0001552	1.0001519	1.0001479	1.0001427	1.0001354	1.0001249	1.0001094	1.0000863	1.0000523	1.0000028	0.99993189	0.99983216	0.99969442	0.99950767	0.99925902	0.99893373
1.0002296	1.0002254	1.0002214	1.0002175	1.0002137	1.0002100	1.0002064	1.0002029	1.0001995	1.0001961	1.0001929	1.0001897	1.0001866	1.0001836	1.0001806	1.0001777	1.0001749	1.0001722	1.0001695	1.0001668	1.0001643	1.0001617	1.0001591	1.0001564	1.0001534	1.0001500	1.0001457	1.0001397	1.0001312	1.0001185	1.0000992	1.0000702	1.0000268	0.99996293	0.99987070	0.99974008	0.99955870	0.99931177	0.99898198	0.99854967	0.99799300
1.0002228	1.0002188	1.0002150	1.0002112	1.0002076	1.0002041	1.0002006	1.0001972	1.0001939	1.0001907	1.0001876	1.0001843	1.0001799	1.0001698	1.0001327	0.99998314	0.99940076	0.99727321	0.98998798	0.96651472	0.89504063	0.68856040	0.12066269	-1.3709555	-5.1227218	-14.181862	-35.229460	-82.381179	-184.43337	-398.21550	-832.41586	-1688.8242	-3331.7095	-6401.4284	-11995.823	-21953.103	-39283.364	-68813.505	-118132.93	-198956.20	-329054.88
1.0002163	1.0002125	1.0002088	1.0002052	1.0002017	1.0001984	1.0001950	1.0001918	1.0001887	1.0001856	1.0001831	1.0001838	1.0002056	1.0003442	1.0010587	1.0043215	1.0178596	1.0695564	1.2529091	1.8612434	3.7604000	9.3663899	25.077601	67.032693	174.12131	436.12356	1052.1105	2447.0255	5496.0262	11941.514	25143.462	51388.560	102109.24	197544.29	372625.89	686225.37	1235356.7	2176553.9	3757444.4	6362573.8	10578866.
1.0002100	1.0002064	1.0002029	1.0001995	1.0001961	1.0001929	1.0001897	1.0001865	1.0001828	1.0001743	1.0001348	0.99992041	0.99882768	0.99371684	0.97166411	0.88317329	0.55062828	-0.62756641	-4.5978939	-17.553675	-60.529250	-231.65384	-3619.5521	788.98968	422.68511	109.40913	-504.58092	-1858.1721	-4805.8930	-11036.229	-23801.625	-49187.480	-98262.195	-190624.31	-360108.22	-663747.08	-1195544.8	-2107208.6	-3638776.2	-6163079.1	-10249269.
1.0002041	1.0002006	1.0001973	1.0001940	1.0001908	1.0001876	1.0001846	1.0001821	1.0001864	1.0002522	1.0007616	1.0039301	1.0208971	1.1015677	1.4488752	2.8197979	7.7917558	23.977786	67.419769	149.01934	254.67981	451.48063	3831.9135	-618.30368	-358.81623	-302.04071	-286.04466	-282.69997	-283.91232	-286.86378	-290.47736	-294.31713	-298.19886	-302.04207	-305.81106	-309.49048	-313.07469	-316.56293	-319.95689	-323.25955	-326.47447
1.0001984	1.0001951	1.0001918	1.0001887	1.0001855	1.0001815	1.0001643	1.0000281	0.99905718	0.99323859	0.96307180	0.82381286	0.23829590	-2.0493091	-10.594348	-43.581281	-233.31591	614.10033	205.00691	78.668989	-10.481066	-57.031117	-77.218037	-90.416536	-117.36218	-389.11435	70.963259	12.610887	-0.58473772	-5.2967471	-7.2831765	-8.2063937	-8.6727503	-8.9305959	-9.0887769	-9.1972343	-9.2796926	-9.3477454	-9.4071912	-9.4609816	-9.5106337
1.0001929	1.0001897	1.0001866	1.0001836	1.0001805	1.0001818	1.0003002	1.0018700	1.0155489	1.1069520	1.6100904	3.9888766	13.815749	48.091501	133.89208	254.79815	469.10824	-407.99300	-63.239836	-28.594589	-20.756878	-14.238511	-2.0071401	16.277259	48.943892	323.93737	-134.66854	-75.754564	-62.459460	-57.908882	-56.251026	-55.772864	-55.835191	-56.165441	-56.635974	-57.182180	-57.769006	-58.376211	-58.991414	-59.606639	-60.216522
1.0001877	1.0001846	1.0001815	1.0001694	0.99994140	0.99700529	0.97133047	0.80009256	-0.13976176	-4.6167485	-24.205301	-115.10880	-1435.1111	521.53910	236.24666	78.670812	6.8807782	-11.995685	-17.355329	-32.175395	183.02550	21.265153	1.6019091	-12.915137	-22.383856	-28.063893	-33.736034	-49.708356	371.66921	13.325165	1.2907948	-2.2305776	-3.6504145	-4.3104229	-4.6475067	-4.8348972	-4.9489212	-5.0254095	-5.0818938	-5.1271949	-5.1658318
1.0001826	1.0001797	1.0001742	1.0001299	1.0011154	1.0302359	1.3783179	4.0969766	20.067974	91.142688	282.80101	520.83601	1837.4022	-199.95001	-42.870689	-16.724656	-6.7050651	5.5336152	26.163185	53.089799	-165.61582	-14.734197	-9.2417188	-7.8099764	-5.4176384	-1.2878246	5.2059965	22.306769	-398.23432	-39.369054	-27.056039	-23.438082	-22.060497	-21.548875	-21.440170	-21.539862	-21.754286	-22.033494	-22.348371	-22.680471	-23.017239
1.0001778	1.0001674	0.99855505	0.95070688	0.34057801	-4.5584632	-34.813361	-221.96927	5552.1613	585.74874	218.38278	-17.358830	-82.872373	-85.823666	-95.984765	-180.88303	-1371.2327	545.89171	298.05810	203.79820	152.66342	145.56538	885.05459	-62.679285	-24.304249	-16.177984	-13.703851	-12.681030	-12.552229	-14.601332	-41.083618	6.3577885	-0.21166294	-1.7580743	-2.3795599	-2.6940746	-2.8787635	-3.0004821	-3.0886477	-3.1574283	-3.2140038
1.0001731	0.99984857	0.98669041	1.2138662	8.2924548	82.195073	449.70530	984.27377	-4872.3708	-114.90705	-30.389841	-21.387789	-6.5345953	54.680971	218.45677	486.39263	1770.5995	-128.54926	96.284852	118.93797	-39.474251	-346.93513	-1122.9915	-89.603335	-63.074945	-32.850608	-13.956032	-4.2098819	0.25376573	3.9880325	31.042453	-16.245238	-9.7329379	-8.3950303	-8.1040608	-8.2147614	-8.5220889	-8.9326201	-9.3931475	-9.8690649	-10.336303
1.0001687	0.77259390	-9.7523824	-145.71691	-3051.3956	1177.6023	349.53006	-190.75301	-243.56573	-205.68876	-277.16455	2051.1870	259.30572	122.83520	-40.814132	-222.12444	-315.17224	-342.99605	-350.53060	-309.27065	-97.293616	231.69914	275.87772	183.90617	96.604964	34.397506	3.7502619	-4.8751143	-2.7839745	3.4168514	11.452937	26.389156	-271.03749	-15.160649	-5.9500547	-3.2492277	-2.2685877	-1.9293949	-1.8556393	-1.8920211	-1.9696655
1.0001644	-3.3118359	46.564502	1532.3590	5107.5016	-1.8106195	51.965427	6.0300852	2.8468271	157.65641	609.58752	-1675.7955	10.139793	25.290451	8.5187195	-5.3682294	-5.0731562	100.46017	-122.35776	-46.962062	-28.052572	-25.943380	-8.4711412	-59.757030	-28.350888	-9.0324431	-3.7755320	-4.3319613	-0.90243104	4.6115450	2.3649715	-12.947444	282.23631	23.923249	12.313791	7.2498095	3.9854067	1.5143132	-0.47899778	-2.1167284	-3.4603064
-1.9428721e-055	-3195.8708	3051.1818	-39.157683	-1234.4159	-707.51193	-796.62752	657.43629	249.51783	41.921708	-322.24571	-357.06537	-272.98648	-289.20417	562.09966	72.267560	28.107140	-87.236616	149.16519	105.60152	250.52128	-82.425957	-72.106259	-21.137111	-53.158231	-105.23652	-594.66682	270.15059	293.61223	-222.51275	-92.985375	-71.814055	-62.000546	-53.856260	-43.702708	-30.537829	-17.259061	-7.9451388	-3.2799357	-1.5215896	-1.0788055
-811.22301	1694.8367	6681.6364	629.28258	63.341232	-17070.565	67.732495	-4075.4755	617.48073	174.71997	58.368736	-7.6094641	183.91392	7.0082904	-1133.9399	449.39919	89.345312	31.503554	6.6713811	-28.242786	-230.55293	66.227605	21.891609	20.187165	41.127683	171.19212	967.52746	118.38502	1290.7069	21.711034	-5.0157998	-1.3185246	-0.0056331406	-2.2167063	-9.7535069	-23.896641	-45.236402	-94.726277	193.51778	23.107933	4.9308738
3.7962203e+060	4133.6229	-8908.5184	49347.492	464.51457	17375.528	528.65289	3309.8868	-1003.9016	-1972.8392	144.78917	103.92991	-102.12324	147.62405	471.02817	-612.59501	-277.90689	43.135842	-16.597894	-10.151898	20.917341	39.187125	34.451812	150.79824	81.422181	-7.1963947	-323.01172	-354.99097	-1584.1148	164.97212	53.868521	32.460431	25.545253	22.975031	23.319587	27.384895	39.114835	84.254755	-201.16993	-23.143438	-1.9743069
-3.7962203e+060	-19991.322	823.87677	-50582.931	-1193.7677	-1928.8716	-3706.6436	124.53448	148.30659	1597.6768	-428.69314	-432.99168	-1071.6853	-4512.9225	35.226771	62.738484	120.10196	-148.06135	-165.03836	25.503847	1.7296857	-0.20738880	18.030361	-84.133525	-15.565475	-9.1145342	-4.2029910	-30.001965	-5.9936304	-4.8997887	-13.830168	-66.459215	1645.8181	60.180196	25.044282	13.820432	8.8760010	5.4483386	0.86221483	-4.2869949	2.5274778
2023.2870	26880.279	-103.10711	53.380916	296.94887	25.001048	4048.7405	15.730339	-0.89407033	30.529773	81.216153	161.91056	-718.54316	4662.5792	34.182230	-4.5734495	1.0770566	16.191848	113.00735	-112.68929	31.721948	13.654544	4.9517300	-4.3342935	-6.3662475	0.95307174	-5.3975022	21.178289	1.1043515	2.8490737	1.5579198	46.768674	-1666.7731	-78.012363	-37.425190	-20.449228	-10.776114	-4.2591339	1.5981966	10.547928	58.263893
9.6147575e-054	-8851.9754	-1206.0169	5.0333096	167.17563	1513.9403	-619.63698	-361.45096	-196.05808	-12.234804	43.295464	99.389593	1657.6049	-265.73302	-175.56670	-135.52765	-58.705177	48.338669	113.94484	187.98981	106.19238	1940.8250	-32.088326	3.0996812	-4.0592473	-32.046353	-45.865932	-62.188602	-121.58124	714.69255	-196.74634	-32.300892	-18.056347	-18.230152	-22.896785	-29.501620	-38.855516	-61.542055	-418.49750	103.84741	-476.91731
17059.438	0.017588703	-483.83987	1830.7419	95.061304	2.3909560	-1.1907560	-83.011379	-5803.8258	196.78012	34.964465	3.5455756	-0.89175375	-0.24592908	-16.874607	-138.38608	2015.7426	157.05805	17.824146	-30.305364	-72.007351	-1874.7004	182.78636	-62.477832	43.703782	8802.1792	-43.210819	9.9863014	40.843877	544.08353	-1732.4339	-19.387179	0.30936474	4.3530224	6.5992871	9.5858347	15.842789	36.039468	390.11407	-139.12742	389.54100
-17366.010	10.922884	518.79779	-2306.5723	-314.80520	-15.420756	32.117713	139.15888	5794.5266	-332.36541	-159.05303	-53.955910	-2.4862840	16.288815	44.684056	162.20220	-2047.9017	-279.66029	-183.22731	-114.66108	-243.31830	-195.62105	-278.28669	-121.51694	226.57280	-8496.7090	88.081749	44.357840	73.380301	-1274.6802	1888.1920	-12.757699	-44.105158	-31.322887	-19.850405	-14.457681	-12.399219	-11.926833	-12.257977	-12.941805	-10.262640
-810.14356	-388207.77	30.563293	-39.917220	-286.87075	-1375.6158	158.58274	21.692902	-2.5145917	-22.485438	-94.911519	-415.89620	231.84274	45.071264	10.744287	0.026027178	-4.4318977	-10.265814	-24.790202	-72.445710	60.486554	0.74316776	-12.700470	-63.223812	-135.47371	-275.51995	-10.447122	5.3970602	29.458565	-12.237235	16.425222	46.269465	42.971723	22.014591	7.0422905	-0.23259247	-2.8002831	-2.3527585	-0.33050485	1.4126475	-1.0249083
23.413854	389185.16	9.0183681	7.8437864	117.08972	1161.6662	-222.31891	-23.881450	-0.44194874	15.185495	64.865826	339.98766	-315.67383	-94.308058	-27.262761	-5.9978186	0.54700320	6.8461527	18.318495	34.019279	46.583835	50.884536	44.548959	297.27128	-229.00707	0.14259035	-7.5956556	-23.928510	-52.786754	7.5505193	-2.8152474	321.48775	60.372058	41.295525	29.852646	20.266588	11.779394	4.2402877	-1.9460132	-5.5941752	-5.0196866
-10.195824	-1488.6686	-556.96004	68.888620	-1.9945430	-40.302608	-161.13391	-266.53794	615.97403	39.857340	5.2060768	-6.1839229	-25.974628	-70.925118	-143.15986	-23180.519	58.635679	14.112794	2.0989463	-1.2345114	2.8254171	17.890671	53.023024	-94.588810	24.482258	-0.62088209	1.8808763	0.79479729	23.180997	28.415817	42.511385	-291.02326	-42.457891	-47.730281	-104.13601	2422.2100	155.67652	115.10855	114.12572	121.38671	106.39674
-38.748134	-0.099597329	-301.27382	63.298955	3.8576093	-2.5653594	24.796789	141.16372	-628.17217	-24.156877	-2.7910635	-1.4687694	4.2451715	22.439622	79.685303	23135.229	-72.428016	-15.583522	-4.7131609	-3.7573899	-6.3143876	-11.752864	-16.437862	-11.086031	26.853873	-34.489247	-4.2142849	6.8402662	0.42914334	0.011033045	-0.28541837	-0.61133578	-0.48614716	0.70553435	21.796694	-2596.2314	-591.27194	-1890.5795	5694.6618	2968.1040	4646.2329
-2.0413773	-7.3991022	551.77825	-330.80724	603.27844	9.3128013	-4.2150027	-32.176502	-118.09427	-141.18919	-229.69537	74.290855	9.9855242	-0.34465174	-8.6742366	-29.048631	-59.301142	-81.424791	-178.48344	69.038645	14.229338	3.3303982	-0.37381447	0.68379367	2.1784561	-17.522345	60.632318	-331.39242	-5.5712010	-4.3431319	-3.0114973	0.58221056	8.0510302	22.880267	54.107325	130.93947	369.94592	1682.4826	-5934.8895	-3262.8742	-5022.1910
13.534323	-17.721919	-23.214664	-19.435149	-1175.1160	40.666711	2.5967732	-4.3705848	2.5283362	45.697392	303.09438	-17.086281	6.2642926	1.3666228	-1.2272843	-0.015665995	7.5966478	33.445512	165.53415	-57.428902	-11.404561	-7.9166226	-5.4855751	-6.1155704	-5.7605202	25.134868	77.134172	338.44032	-8.6291221	-254.22520	63.207258	133.98938	609.28202	-1432.9657	-156.93463	4.3811949	66.306679	106.48341	141.20744	182.34398	263.30275
110.24075	-1.3662416	5.0334734	45.569031	439.31397	-252.24886	49.085536	4.7487829	-3.6863472	-26.589423	-168.40118	-143.72029	-61.930339	1109.9926	64.622604	-33.219996	-14.180573	-24.590021	-57.517392	-65.318554	-27.610554	-84.985438	270.82653	47.682738	62.523805	185.02572	777.97721	535.25317	468.53245	270.16312	-36.837008	-101.26895	-568.60898	1484.4981	223.81935	81.310035	37.995400	14.838265	2.1480945	-7.7440503	-7.9737361
-290.62610	-36.899409	-10.470651	-20.492585	0.085025375	-9.6975197	7009.4163	25.469674	-31.785406	-11.658319	2.4937591	-344.69779	4632.1135	149643.79	-1739.8949	-997.26241	-240.64146	-76.092063	82.495126	165.09875	-2.3430276	62.902333	-367.31017	-150.79083	-0.65929618	314.92536	1243.3318	57.729757	9818.4265	-1103.3421	-141.09373	-100.20203	3733.1302	155.47838	58.525684	24.070707	7.7157253	-22.243866	192.09892	67.863688	45.023280
-1910.8817	571.68099	-13.596897	40.045548	26.887842	93.920435	-11709.492	-159.69677	-83.770104	-90.154659	-55.428254	191.02923	-7999.2257	-186890.29	1047.5929	1329.8384	258.20476	-133.73168	-423.38009	-961.84015	4922.0112	995.46461	576.65344	581.71109	-602.21975	-1337.1709	-2232.0247	-842.01671	-9947.0423	46.447741	-94.006413	-16.765483	133.21396	-3.5122901	-13.899993	-23.889281	-26.384320	-10.661188	-452.62082	-25.301773	-32.389173
-1457.7910	14862.269	-227.98746	-4737.4056	182375.05	-7742.2377	5248.7823	-3517.3648	100.65427	-2906.4590	15632.709	1442.6083	3611.5910	36617.128	1057.5034	-127.36750	38.793837	-214.41754	911.48778	-258.46337	-301048.46	1852.7815	-72.662655	-2251.2000	-25578.064	-146.72480	-120.45221	150.17906	-383.55078	979.62161	354.59148	-1797.7940	-3880.1654	-163.75155	-42.668839	48.671692	219.72463	-47.250318	263.05947	-20.724537	20.064554
5601.1303	-5937.4808	1402.8214	3569.9079	-181355.76	6115.9783	-196.30017	4592.9155	-117.13753	3182.5732	-15437.695	859.41985	-56.216100	-308.72859	241.17576	-20.327858	8.4596881	681.55001	-492.70048	979.72408	296085.98	-2944.6458	-708.07039	2549.5741	25941.743	664.46347	166.95097	-48.838474	7.8916226	-60.198750	-8.3053750	-155.64560	8.5205974	345.76857	46.337328	-27.126543	-128.28255	840.08291	101.21123	-700.18429	-339.79293
-2012.2593	-9255.3089	8078.8361	871.63949	-1532.0030	1594.9778	82.470285	-752.75600	-171.77092	25.055635	167.56373	-2171.9924	-62.225086	64.007518	-970.82300	508.45356	-484.71827	-83.749199	-66.498303	405.61108	95.467365	99.079846	-473.79816	-507.42745	574.06971	117.71076	-140.32493	297.56351	-343.81652	70.183003	-239.71295	2094.3856	-28.352190	-352.91443	-222.85337	144.15073	98.439668	155.71917	30.026196	2522.3386	-1288.0894
0.00000000	0.00000000	0.00000000	0.00000000	0.00000000	0.00000000	0.00000000	0.00000000	0.00000000	0.00000000	0.00000000	0.00000000	0.00000000	0.00000000	0.00000000	0.00000000	0.00000000	0.00000000	0.00000000	0.00000000	0.00000000	0.00000000	0.00000000	0.00000000	0.00000000	0.00000000	0.00000000	0.00000000	0.00000000	0.00000000	0.00000000	0.00000000	0.00000000	0.00000000	0.00000000	0.00000000	0.00000000	0.00000000	0.00000000	0.00000000	0.00000000
0.00000000	0.00000000	0.00000000	0.00000000	0.00000000	0.00000000	0.00000000	0.00000000	0.00000000	0.00000000	0.00000000	0.00000000	0.00000000	0.00000000	0.00000000	0.00000000	0.00000000	0.00000000	0.00000000	0.00000000	0.00000000	0.00000000	0.00000000	0.00000000	0.00000000	0.00000000	0.00000000	0.00000000	0.00000000	0.00000000	0.00000000	0.00000000	0.00000000	0.00000000	0.00000000	0.00000000	0.00000000	0.00000000	0.00000000	0.00000000	0.00000000
Final difference between exponent and Taylor series 
1.0000000	0.00000000	1.0000000	0.00000000
1.0000000	0.00000000	1.0000000	0.00000000
1.0000000	0.00000000	1.0000000	0.00000000
1.0000000	0.00000000	1.0000000	0.00000000
1.0000000	0.00000000	1.0000000	0.00000000
1.0000000	0.00000000	1.0000000	0.00000000
1.0000000	0.00000000	1.0000000	0.00000000
2.3163670	3.3521435	1.0357766	1.2000000
2.6116965	3.9844528	1.3727564	1.2000000
2.9446796	4.7360336	1.7913541	1.2000000
3.3201169	5.6293839	2.3092670	1.2000000
3.7434214	6.6912453	2.9478239	1.2000000
4.2206958	7.9534039	3.7327081	1.2000000
4.7588212	9.4536414	4.6948201	1.2000000
5.3655560	11.236866	5.8713103	1.2000000
6.0496475	13.356458	7.3068104	1.2000000
6.8209585	15.875865	9.0549060	1.2000000
7.6906092	18.870503	11.179894	1.2000000
8.6711377	22.430015	13.758877	1.2000000
9.7766804	26.660951	16.884271	1.2000000
11.023176	31.689963	20.666786	1.2000000
12.428597	37.667588	25.238992	1.2000000
14.013204	44.772764	30.759560	1.2000000
15.799843	53.218176	37.418333	1.2000000
17.814273	63.256634	45.442360	1.2000000
20.085537	75.188628	55.103091	1.2000000
22.646380	89.371336	66.724956	1.2000000
25.533722	106.22930	80.695582	1.2000000
28.789191	126.26716	97.477972	1.2000000
32.459722	150.08473	117.62501	1.2000000
36.598234	178.39497	141.79673	1.2000000
41.264394	212.04531	170.78092	1.2000000
46.525474	252.04307	205.51760	1.2000000
52.457326	299.58554	247.12822	1.2000000
59.145470	356.09587	296.95040	1.2000000
66.686331	423.26565	356.57932	1.2000000
75.188628	503.10556	427.91693	1.2000000
84.774942	598.00553	513.23059	1.2000000
95.583480	710.80633	615.22285	1.2000000
107.77007	844.88456	737.11449	1.2000000
121.51042	1004.2537	882.74333	1.2000000
0.00000000	0.00000000	0.00000000	0.00000000

Vector Modified Chebushev algorithm ...
