
Date:8/2/2009
Time:13:13:48
Output format: Text
Calculations precision: 64

0.00000000	0.00000000	0.00000000	1.0000000
0.00000000	0.00000000	0.00000000	1.0000000
1.0000000	0.00000000	0.00000000	1.0000000
1.0000000	0.00000000	0.00000000	1.0000000
1.0000000	0.00000000	0.00000000	1.0000000
1.0000000	0.00000000	0.00000000	1.0000000
1.0000000	0.00000000	0.00000000	1.0000000
1.0000000	0.00000000	0.00000000	1.0000000
1.0000000	0.00000000	0.00000000	1.0000000
1.0000000	0.00000000	0.00000000	1.0000000
1.0000000	0.00000000	0.00000000	1.0000000
1.0000000	0.00000000	0.00000000	1.0000000
1.0000000	0.00000000	0.00000000	1.0000000
1.0000000	0.00000000	0.00000000	1.0000000
1.0000000	0.00000000	0.00000000	1.0000000
1.0000000	0.00000000	0.00000000	1.0000000
1.0000000	0.00000000	0.00000000	1.0000000
1.0000000	0.00000000	0.00000000	1.0000000
1.0000000	0.00000000	0.00000000	1.0000000
1.0000000	0.00000000	0.00000000	1.0000000
1.0000000	0.00000000	0.00000000	1.0000000
1.0000000	0.00000000	0.00000000	1.0000000
1.0000000	0.00000000	0.00000000	1.0000000
1.0000000	0.00000000	0.00000000	1.0000000
1.0000000	0.00000000	0.00000000	1.0000000
1.0000000	0.00000000	0.00000000	1.0000000
1.0000000	0.00000000	0.00000000	1.0000000
1.0000000	0.00000000	0.00000000	1.0000000
1.0000000	0.00000000	0.00000000	1.0000000
1.0000000	0.00000000	0.00000000	1.0000000
1.0000000	0.00000000	0.00000000	1.0000000
1.0000000	0.00000000	0.00000000	1.0000000
1.0000000	0.00000000	0.00000000	1.0000000
1.0000000	0.00000000	0.00000000	1.0000000
1.0000000	0.00000000	0.00000000	1.0000000
1.0000000	0.00000000	0.00000000	1.0000000
1.0000000	0.00000000	0.00000000	1.0000000
1.0000000	0.00000000	0.00000000	1.0000000
1.0000000	0.00000000	0.00000000	1.0000000
1.0000000	0.00000000	0.00000000	1.0000000
1.0000000	0.00000000	0.00000000	1.0000000
1.0000000	0.00000000	0.00000000	1.0000000
1.0000000	0.00000000	0.00000000	1.0000000
1.0000000	0.00000000	0.00000000	1.0000000
1.0000000	0.00000000	0.00000000	1.0000000
1.0000000	0.00000000	0.00000000	1.0000000
1.0000000	0.00000000	0.00000000	1.0000000
1.0000000	0.00000000	0.00000000	1.0000000
1.0000000	0.00000000	0.00000000	1.0000000
1.0000000	0.00000000	0.00000000	1.0000000
1.0000000	0.00000000	0.00000000	1.0000000
1.0000000	0.00000000	0.00000000	1.0000000
1.0000000	0.00000000	0.00000000	1.0000000
1.0000000	0.00000000	0.00000000	1.0000000
1.0000000	0.00000000	0.00000000	1.0000000
1.0000000	0.00000000	0.00000000	1.0000000
1.0000000	0.00000000	0.00000000	1.0000000
1.0000000	0.00000000	0.00000000	1.0000000
1.0000000	0.00000000	0.00000000	1.0000000
1.0000000	0.00000000	0.00000000	1.0000000
1.0000000	0.00000000	0.00000000	1.0000000
1.0000000	0.00000000	0.00000000	1.0000000
1.0000000	0.00000000	0.00000000	1.0000000
1.0000000	0.00000000	0.00000000	1.0000000
1.0000000	0.00000000	0.00000000	1.0000000
1.0000000	0.00000000	0.00000000	1.0000000
1.0000000	0.00000000	0.00000000	1.0000000
1.0000000	0.00000000	0.00000000	1.0000000
1.0000000	0.00000000	0.00000000	1.0000000
1.0000000	0.00000000	0.00000000	1.0000000
1.0000000	0.00000000	0.00000000	1.0000000
1.0000000	0.00000000	0.00000000	1.0000000
1.0000000	0.00000000	0.00000000	1.0000000
1.0000000	0.00000000	0.00000000	1.0000000
1.0000000	0.00000000	0.00000000	1.0000000
1.0000000	0.00000000	0.00000000	1.0000000
1.0000000	0.00000000	0.00000000	1.0000000
1.0000000	0.00000000	0.00000000	1.0000000
1.0000000	0.00000000	0.00000000	1.0000000
1.0000000	0.00000000	0.00000000	1.0000000
1.0000000	0.00000000	0.00000000	1.0000000
1.0000000	0.00000000	0.00000000	1.0000000
1.0000000	0.00000000	0.00000000	1.0000000
1.0000000	0.00000000	0.00000000	1.0000000
1.0000000	0.00000000	0.00000000	1.0000000
1.0000000	0.00000000	0.00000000	1.0000000
1.0000000	0.00000000	0.00000000	1.0000000
1.0000000	0.00000000	0.00000000	1.0000000
1.0000000	0.00000000	0.00000000	1.0000000
1.0000000	0.00000000	0.00000000	1.0000000
1.0000000	0.00000000	0.00000000	1.0000000
1.0000000	0.00000000	0.00000000	1.0000000
1.0000000	0.00000000	0.00000000	1.0000000
1.0000000	0.00000000	0.00000000	1.0000000
1.0000000	0.00000000	0.00000000	1.0000000
1.0000000	0.00000000	0.00000000	1.0000000
1.0000000	0.00000000	0.00000000	1.0000000
1.0000000	0.00000000	0.00000000	1.0000000
1.0000000	0.00000000	0.00000000	1.0000000
1.0000000	0.00000000	0.00000000	0.00000000
Approximation rate: from 100 to 100 by 1
Interval [0.00000000,4.1000000] step = 0.10000000
Final Solution for interval [0.00000000,4.1000000] with step = 0.10000000
0.00000000	0.10000000	0.20000000	0.30000000	0.40000000	0.50000000	0.60000000	0.70000000	0.80000000	0.90000000	1.0000000	1.1000000	1.2000000	1.3000000	1.4000000	1.5000000	1.6000000	1.7000000	1.8000000	1.9000000	2.0000000	2.1000000	2.2000000	2.3000000	2.4000000	2.5000000	2.6000000	2.7000000	2.8000000	2.9000000	3.0000000	3.1000000	3.2000000	3.3000000	3.4000000	3.5000000	3.6000000	3.7000000	3.8000000	3.9000000	4.0000000	
1.0000000	1.2266099	1.5119805	1.8606279	2.2686798	2.7209412	3.1917940	3.6510359	4.0721919	4.4387200	4.7453548	4.9954433	5.1969305	5.3590463	5.4903609	5.5979880	5.6874748	5.7630006	5.8276634	5.8837501	5.9329576	5.9765575	6.0155165	6.0505809	6.0823362	6.1112485	6.1376937	6.1619776	6.1843514	6.2050217	6.2241589	6.2419036	6.2583714	6.2736578	6.2878423	6.3009918	6.3131644	6.3244123	6.3347841	6.3443267	6.3530866
1.0000000	1.0924916	1.1589375	1.1826150	1.1514050	1.0637935	0.93132838	0.77503241	0.61758030	0.47613200	0.35939372	0.26876947	0.20129055	0.15231106	0.11718923	0.092036706	0.073890233	0.060614456	0.050721199	0.043192419	0.037337179	0.032686443	0.028919694	0.025815325	0.023217723	0.021015629	0.019127943	0.017494389	0.016069329	0.014817620	0.013711794	0.012730103	0.011855133	0.011072804	0.010371614	0.0097420670	0.0091762335	0.0086673947	0.0082097723	0.0077983162	0.0074285451
1.0000000	0.98434732	0.93645683	0.85909533	0.76016365	0.65059709	0.54133786	0.44082993	0.35393593	0.28221816	0.22494426	0.18017678	0.14559831	0.11899907	0.098496672	0.082589588	0.070127312	0.060249323	0.052320412	0.045874154	0.040567867	0.036148568	0.032428014	0.029264740	0.026551243	0.024204873	0.022161355	0.020370146	0.018791105	0.017392064	0.016147040	0.015034909	0.014038388	0.013143249	0.012337702	0.011611890	0.010957486	0.010367362	0.0098353227	0.0093559011	0.0089241979
1.0000000	0.99577497	0.98697277	0.98073188	0.98514779	1.0083642	1.0580061	1.1409455	1.2631561	1.4293310	1.6420310	1.9004015	2.1988861	2.5267121	2.8688741	3.2086936	3.5310790	3.8251322	4.0851787	4.3102311	4.5025708	4.6662075	4.8056771	4.9253002	5.0288288	5.1193477	5.1993112	5.2706378	5.3348156	5.3929982	5.4460842	5.4947781	5.5396370	5.5811049	5.6195376	5.6552222	5.6883914	5.7192354	5.7479117	5.7745527	5.7992734
1.0000000	1.0006684	1.0052549	1.0170842	1.0382081	1.0688451	1.1069618	1.1480270	1.1850683	1.2092630	1.2112953	1.1834718	1.1221138	1.0292595	0.91267273	0.78386345	0.65492929	0.53567057	0.43208002	0.34636554	0.27793202	0.22460481	0.18363266	0.15232199	0.12834664	0.10984175	0.095381330	0.083907651	0.074650651	0.067055218	0.060722366	0.055364555	0.050773054	0.046794698	0.043315594	0.040249785	0.037531384	0.035109091	0.032942336	0.030998538	0.029251112
1.0000000	1.0001306	1.0007211	1.0012625	1.0001421	0.99479491	0.98208660	0.95890801	0.92289648	0.87311797	0.81048909	0.73775422	0.65898059	0.57873106	0.50120314	0.42960384	0.36588879	0.31083198	0.26429590	0.22556184	0.19362350	0.16740103	0.14587265	0.12814041	0.11345163	0.10119468	0.090882389	0.082131348	0.074641601	0.068178832	0.062559641	0.057639850	0.053305434	0.049465585	0.046047450	0.042992147	0.040251731	0.037786867	0.035565030	0.033559079	0.031746138
1.0000000	0.99997977	0.99969153	0.99854222	0.99579532	0.99086836	0.98365139	0.97478182	0.96581590	0.95926168	0.95847895	0.96749038	0.99076457	1.0330146	1.0990101	1.1933458	1.3200735	1.4821117	1.6804237	1.9131162	2.1747928	2.4565933	2.7471902	3.0345981	3.3082048	3.5602978	3.7866500	3.9862035	4.1602188	4.3113074	4.4426230	4.5573155	4.6582296	4.7477815	4.8279461	4.9002986	4.9660783	5.0262530	5.0815780	5.1326438	5.1799143
1.0000000	0.99999696	0.99997045	0.99994856	1.0001420	1.0010504	1.0035054	1.0086317	1.0177197	1.0320198	1.0524732	1.0794006	1.1121732	1.1489021	1.1862117	1.2192000	1.2417235	1.2471276	1.2294424	1.1848536	1.1130112	1.0176093	0.90583854	0.78678960	0.66940769	0.56078670	0.46532346	0.38476580	0.31883242	0.26600680	0.22422878	0.19137201	0.16551117	0.14503339	0.12865393	0.11538338	0.10447647	0.095379584	0.087684295	0.081089773	0.075373737
1.0000000	1.0000005	1.0000140	1.0000966	1.0003604	1.0009456	1.0019509	1.0033308	1.0047806	1.0056302	1.0047798	1.0007044	0.99155601	0.97537503	0.95040072	0.91543301	0.87016259	0.81536807	0.75289863	0.68542231	0.61600063	0.54761154	0.48275071	0.42319693	0.36995908	0.32336500	0.28322776	0.24902913	0.22008027	0.19564185	0.17500199	0.15751926	0.14264041	0.12990225	0.11892463	0.10939958	0.10107940	0.093765514	0.087298684	0.081550892	0.076418770
1.0000000	1.0000001	1.0000009	1.0000007	0.99997759	0.99986064	0.99949927	0.99864309	0.99694558	0.99400118	0.98942021	0.98293779	0.97454420	0.96461566	0.95402165	0.94418767	0.93710325	0.93527926	0.94167121	0.95958913	0.99260610	1.0444579	1.1189007	1.2194739	1.3491104	1.5095698	1.7007475	1.9200312	2.1619791	2.4185955	2.6803036	2.9374051	3.1815649	3.4068430	3.6100309	3.7903627	3.9488653	4.0876334	4.2092165	4.3161932	4.4109247
1.0000000	0.99999999	0.99999948	0.99999479	0.99997487	0.99992061	0.99981262	0.99965114	0.99948805	0.99946770	0.99986923	1.0011405	1.0039126	1.0089846	1.0172725	1.0297159	1.0471455	1.0701100	1.0986704	1.1321727	1.1690225	1.2065069	1.2407320	1.2667699	1.2791014	1.2723965	1.2425604	1.1878182	1.1094789	1.0120195	0.90233225	0.78832897	0.67739064	0.57518657	0.48515589	0.40862046	0.34528687	0.29386188	0.25259104	0.21964026	0.19331962
1.0000000	1.0000000	0.99999998	1.0000001	1.0000022	1.0000141	1.0000567	1.0001718	1.0004277	1.0009185	1.0017522	1.0030248	1.0047782	1.0069455	1.0092875	1.0113301	1.0123167	1.0111907	1.0066253	0.99711686	0.98114483	0.95739111	0.92498562	0.88372711	0.83421732	0.77785816	0.71669556	0.65314005	0.58963368	0.52834546	0.47096007	0.41858691	0.37177852	0.33062350	0.29487285	0.26406675	0.23764122	0.21500678	0.19559962	0.17891006	0.16449468
1.0000000	1.0000000	1.0000000	1.0000002	1.0000015	1.0000056	1.0000149	1.0000296	1.0000412	1.0000226	0.99991430	0.99960976	0.99894237	0.99767987	0.99553072	0.99216760	0.98727079	0.98059130	0.97202940	0.96171974	0.95011089	0.93802687	0.92670062	0.91777604	0.91328255	0.91559219	0.92737059	0.95152767	0.99116232	1.0494794	1.1296419	1.2345148	1.3662670	1.5258385	1.7123574	1.9226785	2.1512726	2.3906472	2.6322988	2.8679609	3.0907628
1.0000000	1.0000000	1.0000000	0.99999999	0.99999984	0.99999884	0.99999468	0.99998184	0.99994984	0.99988214	0.99975715	0.99955297	0.99925716	0.99888251	0.99848867	0.99820769	0.99827061	0.99903014	1.0009742	1.0047242	1.0110140	1.0206435	1.0344070	1.0529911	1.0768450	1.1060226	1.1400041	1.1775117	1.2163513	1.2533277	1.2843016	1.3044581	1.3088383	1.2931178	1.2545182	1.1926188	1.1097771	1.0109262	0.90272423	0.79229846	0.68599873
1.0000000	1.0000000	1.0000000	0.99999999	0.99999993	0.99999966	0.99999900	0.99999797	0.99999784	1.0000030	1.0000243	1.0000830	1.0002155	1.0004776	1.0009459	1.0017146	1.0028866	1.0045545	1.0067736	1.0095248	1.0126707	1.0159092	1.0187309	1.0203905	1.0199025	1.0160745	1.0075864	0.99312103	0.97153640	0.94205898	0.90445971	0.85916881	0.80729058	0.75050118	0.69084443	0.63047093	0.57138067	0.51522340	0.46318738	0.41597900	0.37387329
1.0000000	1.0000000	1.0000000	1.0000000	1.0000000	1.0000001	1.0000004	1.0000016	1.0000051	1.0000130	1.0000289	1.0000564	1.0000979	1.0001501	1.0001987	1.0002100	1.0001210	0.99982942	0.99918458	0.99798317	0.99597200	0.99286146	0.98835179	0.98217332	0.97413920	0.96420670	0.95254041	0.93956894	0.92602704	0.91297725	0.90180963	0.89422282	0.89219386	0.89794477	0.91391057	0.94270577	0.98707575	1.0498077	1.1335680	1.2406350	1.3725140
1.0000000	1.0000000	1.0000000	1.0000000	1.0000000	1.0000000	1.0000001	1.0000001	1.0000000	0.99999911	0.99999576	0.99998635	0.99996412	0.99991791	0.99983121	0.99968212	0.99944514	0.99909559	0.99861752	0.99801551	0.99733042	0.99665823	0.99617016	0.99613163	0.99691671	0.99901441	1.0030232	1.0096305	1.0195743	1.0335841	1.0523005	1.0761702	1.1053177	1.1393983	1.1774397	1.2176982	1.2575604	1.2935440	1.3214512	1.3367248	1.3350157
1.0000000	1.0000000	1.0000000	1.0000000	1.0000000	1.0000000	0.99999997	0.99999987	0.99999955	0.99999875	0.99999701	0.99999383	0.99998897	0.99998322	0.99997976	0.99998630	1.0000179	1.0001006	1.0002747	1.0005979	1.0011464	1.0020132	1.0033016	1.0051132	1.0075288	1.0105823	1.0142288	1.0183071	1.0225020	1.0263112	1.0290240	1.0297207	1.0273026	1.0205611	1.0082865	0.98941372	0.96318539	0.92930491	0.88804321	0.84026744	0.78737397
1.0000000	1.0000000	1.0000000	1.0000000	1.0000000	1.0000000	1.0000000	1.0000000	1.0000000	1.0000001	1.0000006	1.0000019	1.0000051	1.0000121	1.0000261	1.0000511	1.0000926	1.0001556	1.0002435	1.0003542	1.0004752	1.0005774	1.0006067	1.0004762	1.0000584	0.99917976	0.99762048	0.99512052	0.99139497	0.98615978	0.97916808	0.97025559	0.95939138	0.94672849	0.93264802	0.91779025	0.90306866	0.88966605	0.87901568	0.87277377	0.87279012
1.0000000	1.0000000	1.0000000	1.0000000	1.0000000	1.0000000	1.0000000	1.0000000	1.0000000	1.0000001	1.0000003	1.0000006	1.0000011	1.0000015	1.0000013	0.99999891	0.99999108	0.99997206	0.99993245	0.99985810	0.99972945	0.99952157	0.99920553	0.99875184	0.99813631	0.99734891	0.99640575	0.99536363	0.99433651	0.99351206	0.99316651	0.99367497	0.99551481	0.99925928	1.0055591	1.0151097	1.0286032	1.0466615	1.0697523	1.0980851	1.1314914
1.0000000	1.0000000	1.0000000	1.0000000	1.0000000	1.0000000	1.0000000	1.0000000	1.0000000	0.99999998	0.99999993	0.99999978	0.99999937	0.99999842	0.99999645	0.99999276	0.99998642	0.99997654	0.99996267	0.99994570	0.99992915	0.99992119	0.99993713	1.0000024	1.0001558	1.0004518	1.0009629	1.0017785	1.0030018	1.0047420	1.0071016	1.0101581	1.0139397	1.0183966	1.0233682	1.0285513	1.0334717	1.0374674	1.0396891	1.0391269	1.0346682
1.0000000	1.0000000	1.0000000	1.0000000	1.0000000	1.0000000	1.0000000	1.0000000	1.0000000	0.99999999	0.99999998	0.99999995	0.99999991	0.99999990	1.0000000	1.0000006	1.0000021	1.0000058	1.0000136	1.0000286	1.0000550	1.0000987	1.0001667	1.0002662	1.0004030	1.0005786	1.0007866	1.0010068	1.0011989	1.0012954	1.0011945	1.0007539	0.99978781	0.99806850	0.99533386	0.99130319	0.98570154	0.97829259	0.96891813	0.95754073	0.94428485
1.0000000	1.0000000	1.0000000	1.0000000	1.0000000	1.0000000	1.0000000	1.0000000	1.0000000	1.0000000	1.0000000	1.0000000	1.0000001	1.0000002	1.0000004	1.0000009	1.0000018	1.0000031	1.0000050	1.0000071	1.0000085	1.0000072	0.99999925	0.99997795	0.99993285	0.99984872	0.99970477	0.99947445	0.99912633	0.99862629	0.99794177	0.99704826	0.99593838	0.99463334	0.99319631	0.99174684	0.99047476	0.98965194	0.98963980	0.99089068	0.99394113
1.0000000	1.0000000	1.0000000	1.0000000	1.0000000	1.0000000	1.0000000	1.0000000	1.0000000	1.0000000	1.0000000	1.0000000	1.0000000	1.0000000	0.99999998	0.99999988	0.99999962	0.99999899	0.99999763	0.99999498	0.99999016	0.99998200	0.99996906	0.99994984	0.99992326	0.99988944	0.99985089	0.99981425	0.99979255	0.99980779	0.99989386	1.0000993	1.0004893	1.0011465	1.0021697	1.0036696	1.0057602	1.0085469	1.0121093	1.0164787	1.0216135
1.0000000	1.0000000	1.0000000	1.0000000	1.0000000	1.0000000	1.0000000	1.0000000	1.0000000	1.0000000	1.0000000	1.0000000	0.99999999	0.99999998	0.99999995	0.99999990	0.99999979	0.99999963	0.99999942	0.99999923	0.99999928	1.0000000	1.0000024	1.0000079	1.0000191	1.0000399	1.0000755	1.0001329	1.0002205	1.0003478	1.0005234	1.0007538	1.0010394	1.0013706	1.0017222	1.0020472	1.0022706	1.0022827	1.0019351	1.0010389	0.99936699
1.0000000	1.0000000	1.0000000	1.0000000	1.0000000	1.0000000	1.0000000	1.0000000	1.0000000	1.0000000	1.0000000	1.0000000	1.0000000	1.0000000	1.0000000	1.0000000	1.0000001	1.0000002	1.0000004	1.0000008	1.0000016	1.0000029	1.0000051	1.0000084	1.0000129	1.0000185	1.0000243	1.0000283	1.0000267	1.0000129	0.99997662	0.99990307	0.99977173	0.99955609	0.99922386	0.99873827	0.99806083	0.99715597	0.99599765	0.99457807	0.99291819
1.0000000	1.0000000	1.0000000	1.0000000	1.0000000	1.0000000	1.0000000	1.0000000	1.0000000	1.0000000	1.0000000	1.0000000	1.0000000	1.0000000	1.0000000	1.0000000	1.0000000	1.0000000	1.0000001	1.0000001	1.0000000	0.99999981	0.99999926	0.99999804	0.99999559	0.99999107	0.99998325	0.99997049	0.99995081	0.99992200	0.99988203	0.99982971	0.99976574	0.99969417	0.99962428	0.99957297	0.99956731	0.99964725	0.99986785	1.0003009	1.0010349
1.0000000	1.0000000	1.0000000	1.0000000	1.0000000	1.0000000	1.0000000	1.0000000	1.0000000	1.0000000	1.0000000	1.0000000	1.0000000	1.0000000	1.0000000	1.0000000	0.99999999	0.99999998	0.99999995	0.99999989	0.99999977	0.99999957	0.99999923	0.99999873	0.99999806	0.99999730	0.99999668	0.99999676	0.99999857	1.0000039	1.0000155	1.0000375	1.0000758	1.0001380	1.0002336	1.0003736	1.0005694	1.0008316	1.0011673	1.0015769	1.0020495
1.0000000	1.0000000	1.0000000	1.0000000	1.0000000	1.0000000	1.0000000	1.0000000	1.0000000	1.0000000	1.0000000	1.0000000	1.0000000	1.0000000	1.0000000	1.0000000	1.0000000	1.0000000	1.0000000	1.0000000	1.0000000	1.0000001	1.0000002	1.0000004	1.0000009	1.0000018	1.0000033	1.0000059	1.0000098	1.0000157	1.0000238	1.0000342	1.0000466	1.0000594	1.0000695	1.0000711	1.0000555	1.0000091	0.99991352	0.99974400	0.99946979
1.0000000	1.0000000	1.0000000	1.0000000	1.0000000	1.0000000	1.0000000	1.0000000	1.0000000	1.0000000	1.0000000	1.0000000	1.0000000	1.0000000	1.0000000	1.0000000	1.0000000	1.0000000	1.0000000	1.0000000	1.0000000	1.0000001	1.0000001	1.0000002	1.0000003	1.0000003	1.0000003	1.0000002	0.99999951	0.99999798	0.99999487	0.99998912	0.99997925	0.99996326	0.99993865	0.99990254	0.99985192	0.99978418	0.99969794	0.99959421	0.99947800
1.0000000	1.0000000	1.0000000	1.0000000	1.0000000	1.0000000	1.0000000	1.0000000	1.0000000	1.0000000	1.0000000	1.0000000	1.0000000	1.0000000	1.0000000	1.0000000	1.0000000	1.0000000	1.0000000	1.0000000	1.0000000	0.99999999	0.99999997	0.99999993	0.99999985	0.99999969	0.99999941	0.99999895	0.99999823	0.99999716	0.99999570	0.99999387	0.99999185	0.99999015	0.99998974	0.99999231	1.0000006	1.0000187	1.0000523	1.0001091	1.0001989
1.0000000	1.0000000	1.0000000	1.0000000	1.0000000	1.0000000	1.0000000	1.0000000	1.0000000	1.0000000	1.0000000	1.0000000	1.0000000	1.0000000	1.0000000	1.0000000	1.0000000	1.0000000	1.0000000	1.0000000	1.0000000	0.99999999	0.99999999	0.99999998	0.99999997	0.99999997	0.99999998	1.0000000	1.0000002	1.0000006	1.0000013	1.0000027	1.0000049	1.0000086	1.0000144	1.0000228	1.0000345	1.0000502	1.0000699	1.0000929	1.0001171
1.0000000	1.0000000	1.0000000	1.0000000	1.0000000	1.0000000	1.0000000	1.0000000	1.0000000	1.0000000	1.0000000	1.0000000	1.0000000	1.0000000	1.0000000	1.0000000	1.0000000	1.0000000	1.0000000	1.0000000	1.0000000	1.0000000	1.0000000	1.0000000	1.0000000	1.0000000	1.0000001	1.0000002	1.0000003	1.0000005	1.0000007	1.0000010	1.0000012	1.0000013	1.0000010	0.99999970	0.99999677	0.99999104	0.99998088	0.99996411	0.99993792
1.0000000	1.0000000	1.0000000	1.0000000	1.0000000	1.0000000	1.0000000	1.0000000	1.0000000	1.0000000	1.0000000	1.0000000	1.0000000	1.0000000	1.0000000	1.0000000	1.0000000	1.0000000	1.0000000	1.0000000	1.0000000	1.0000000	1.0000000	1.0000000	1.0000000	1.0000000	1.0000000	0.99999998	0.99999994	0.99999986	0.99999971	0.99999943	0.99999895	0.99999817	0.99999697	0.99999519	0.99999272	0.99998947	0.99998552	0.99998117	0.99997719
1.0000000	1.0000000	1.0000000	1.0000000	1.0000000	1.0000000	1.0000000	1.0000000	1.0000000	1.0000000	1.0000000	1.0000000	1.0000000	1.0000000	1.0000000	1.0000000	1.0000000	1.0000000	1.0000000	1.0000000	1.0000000	1.0000000	1.0000000	1.0000000	1.0000000	0.99999999	0.99999999	0.99999997	0.99999996	0.99999993	0.99999990	0.99999987	0.99999985	0.99999989	1.0000001	1.0000005	1.0000013	1.0000029	1.0000056	1.0000100	1.0000169
1.0000000	1.0000000	1.0000000	1.0000000	1.0000000	1.0000000	1.0000000	1.0000000	1.0000000	1.0000000	1.0000000	1.0000000	1.0000000	1.0000000	1.0000000	1.0000000	1.0000000	1.0000000	1.0000000	1.0000000	1.0000000	1.0000000	1.0000000	1.0000000	1.0000000	1.0000000	1.0000000	1.0000000	1.0000000	1.0000000	1.0000001	1.0000001	1.0000002	1.0000004	1.0000006	1.0000009	1.0000014	1.0000020	1.0000027	1.0000033	1.0000037
1.0000000	1.0000000	1.0000000	1.0000000	1.0000000	1.0000000	1.0000000	1.0000000	1.0000000	1.0000000	1.0000000	1.0000000	1.0000000	1.0000000	1.0000000	1.0000000	1.0000000	1.0000000	1.0000000	1.0000000	1.0000000	1.0000000	1.0000000	1.0000000	1.0000000	1.0000000	1.0000000	1.0000000	1.0000000	1.0000000	1.0000000	1.0000000	1.0000000	0.99999999	0.99999995	0.99999984	0.99999963	0.99999924	0.99999858	0.99999752	0.99999587
1.0000000	1.0000000	1.0000000	1.0000000	1.0000000	1.0000000	1.0000000	1.0000000	1.0000000	1.0000000	1.0000000	1.0000000	1.0000000	1.0000000	1.0000000	1.0000000	1.0000000	1.0000000	1.0000000	1.0000000	1.0000000	1.0000000	1.0000000	1.0000000	1.0000000	1.0000000	1.0000000	1.0000000	1.0000000	1.0000000	0.99999999	0.99999998	0.99999996	0.99999994	0.99999990	0.99999984	0.99999976	0.99999966	0.99999957	0.99999950	0.99999955
1.0000000	1.0000000	1.0000000	1.0000000	1.0000000	1.0000000	1.0000000	1.0000000	1.0000000	1.0000000	1.0000000	1.0000000	1.0000000	1.0000000	1.0000000	1.0000000	1.0000000	1.0000000	1.0000000	1.0000000	1.0000000	1.0000000	1.0000000	1.0000000	1.0000000	1.0000000	1.0000000	1.0000000	1.0000000	1.0000000	1.0000000	1.0000000	1.0000000	1.0000000	1.0000000	1.0000000	1.0000001	1.0000002	1.0000003	1.0000006	1.0000009
1.0000000	1.0000000	1.0000000	1.0000000	1.0000000	1.0000000	1.0000000	1.0000000	1.0000000	1.0000000	1.0000000	1.0000000	1.0000000	1.0000000	1.0000000	1.0000000	1.0000000	1.0000000	1.0000000	1.0000000	1.0000000	1.0000000	1.0000000	1.0000000	1.0000000	1.0000000	1.0000000	1.0000000	1.0000000	1.0000000	1.0000000	1.0000000	1.0000000	1.0000000	1.0000000	1.0000000	1.0000000	1.0000001	1.0000001	1.0000001	1.0000000
1.0000000	1.0000000	1.0000000	1.0000000	1.0000000	1.0000000	1.0000000	1.0000000	1.0000000	1.0000000	1.0000000	1.0000000	1.0000000	1.0000000	1.0000000	1.0000000	1.0000000	1.0000000	1.0000000	1.0000000	1.0000000	1.0000000	1.0000000	1.0000000	1.0000000	1.0000000	1.0000000	1.0000000	1.0000000	1.0000000	1.0000000	1.0000000	1.0000000	1.0000000	1.0000000	0.99999999	0.99999998	0.99999996	0.99999993	0.99999989	0.99999981
1.0000000	1.0000000	1.0000000	1.0000000	1.0000000	1.0000000	1.0000000	1.0000000	1.0000000	1.0000000	1.0000000	1.0000000	1.0000000	1.0000000	1.0000000	1.0000000	1.0000000	1.0000000	1.0000000	1.0000000	1.0000000	1.0000000	1.0000000	1.0000000	1.0000000	1.0000000	1.0000000	1.0000000	1.0000000	1.0000000	1.0000000	1.0000000	1.0000000	1.0000000	1.0000000	1.0000000	0.99999999	0.99999999	0.99999999	1.0000000	1.0000000
1.0000000	1.0000000	1.0000000	1.0000000	1.0000000	1.0000000	1.0000000	1.0000000	1.0000000	1.0000000	1.0000000	1.0000000	1.0000000	1.0000000	1.0000000	1.0000000	1.0000000	1.0000000	1.0000000	1.0000000	1.0000000	1.0000000	1.0000000	1.0000000	1.0000000	1.0000000	1.0000000	1.0000000	1.0000000	1.0000000	1.0000000	1.0000000	1.0000000	1.0000000	1.0000000	1.0000000	1.0000000	1.0000000	1.0000000	1.0000000	1.0000000
1.0000000	1.0000000	1.0000000	1.0000000	1.0000000	1.0000000	1.0000000	1.0000000	1.0000000	1.0000000	1.0000000	1.0000000	1.0000000	1.0000000	1.0000000	1.0000000	1.0000000	1.0000000	1.0000000	1.0000000	1.0000000	1.0000000	1.0000000	1.0000000	1.0000000	1.0000000	1.0000000	1.0000000	1.0000000	1.0000000	1.0000000	1.0000000	1.0000000	1.0000000	1.0000000	1.0000000	1.0000000	1.0000000	1.0000000	1.0000000	1.0000000
1.0000000	1.0000000	1.0000000	1.0000000	1.0000000	1.0000000	1.0000000	1.0000000	1.0000000	1.0000000	1.0000000	1.0000000	1.0000000	1.0000000	1.0000000	1.0000000	1.0000000	1.0000000	1.0000000	1.0000000	1.0000000	1.0000000	1.0000000	1.0000000	1.0000000	1.0000000	1.0000000	1.0000000	1.0000000	1.0000000	1.0000000	1.0000000	1.0000000	1.0000000	1.0000000	1.0000000	1.0000000	1.0000000	1.0000000	1.0000000	0.99999999
1.0000000	1.0000000	1.0000000	1.0000000	1.0000000	1.0000000	1.0000000	1.0000000	1.0000000	1.0000000	1.0000000	1.0000000	1.0000000	1.0000000	1.0000000	1.0000000	1.0000000	1.0000000	1.0000000	1.0000000	1.0000000	1.0000000	1.0000000	1.0000000	1.0000000	1.0000000	1.0000000	1.0000000	1.0000000	1.0000000	1.0000000	1.0000000	1.0000000	1.0000000	1.0000000	1.0000000	1.0000000	1.0000000	1.0000000	1.0000000	1.0000000
1.0000000	1.0000000	1.0000000	1.0000000	1.0000000	1.0000000	1.0000000	1.0000000	1.0000000	1.0000000	1.0000000	1.0000000	1.0000000	1.0000000	1.0000000	1.0000000	1.0000000	1.0000000	1.0000000	1.0000000	1.0000000	1.0000000	1.0000000	1.0000000	1.0000000	1.0000000	1.0000000	1.0000000	1.0000000	1.0000000	1.0000000	1.0000000	1.0000000	1.0000000	1.0000000	1.0000000	1.0000000	1.0000000	1.0000000	1.0000000	1.0000000
1.0000000	1.0000000	1.0000000	1.0000000	1.0000000	1.0000000	1.0000000	1.0000000	1.0000000	1.0000000	1.0000000	1.0000000	1.0000000	1.0000000	1.0000000	1.0000000	1.0000000	1.0000000	1.0000000	1.0000000	1.0000000	1.0000000	1.0000000	1.0000000	1.0000000	1.0000000	1.0000000	1.0000000	1.0000000	1.0000000	1.0000000	1.0000000	1.0000000	1.0000000	1.0000000	1.0000000	1.0000000	1.0000000	1.0000000	1.0000000	1.0000000
1.0000000	1.0000000	1.0000000	1.0000000	1.0000000	1.0000000	1.0000000	1.0000000	1.0000000	1.0000000	1.0000000	1.0000000	1.0000000	1.0000000	1.0000000	1.0000000	1.0000000	1.0000000	1.0000000	1.0000000	1.0000000	1.0000000	1.0000000	1.0000000	1.0000000	1.0000000	1.0000000	1.0000000	1.0000000	1.0000000	1.0000000	1.0000000	1.0000000	1.0000000	1.0000000	1.0000000	1.0000000	1.0000000	1.0000000	1.0000000	1.0000000
1.0000000	1.0000000	1.0000000	1.0000000	1.0000000	1.0000000	1.0000000	1.0000000	1.0000000	1.0000000	1.0000000	1.0000000	1.0000000	1.0000000	1.0000000	1.0000000	1.0000000	1.0000000	1.0000000	1.0000000	1.0000000	1.0000000	1.0000000	1.0000000	1.0000000	1.0000000	1.0000000	1.0000000	1.0000000	1.0000000	1.0000000	1.0000000	1.0000000	1.0000000	1.0000000	1.0000000	1.0000000	1.0000000	1.0000000	1.0000000	1.0000000
1.0000000	1.0000000	1.0000000	1.0000000	1.0000000	1.0000000	1.0000000	1.0000000	1.0000000	1.0000000	1.0000000	1.0000000	1.0000000	1.0000000	1.0000000	1.0000000	1.0000000	1.0000000	1.0000000	1.0000000	1.0000000	1.0000000	1.0000000	1.0000000	1.0000000	1.0000000	1.0000000	1.0000000	1.0000000	1.0000000	1.0000000	1.0000000	1.0000000	1.0000000	1.0000000	1.0000000	1.0000000	1.0000000	1.0000000	0.99999999	0.99999999
1.0000000	1.0000000	1.0000000	1.0000000	1.0000000	1.0000000	1.0000000	1.0000000	1.0000000	1.0000000	1.0000000	1.0000000	1.0000000	1.0000000	1.0000000	1.0000000	1.0000000	1.0000000	1.0000000	1.0000000	1.0000000	1.0000000	1.0000000	1.0000000	1.0000000	1.0000000	1.0000000	1.0000000	1.0000000	1.0000000	1.0000000	1.0000000	1.0000000	1.0000000	1.0000000	1.0000000	1.0000000	0.99999999	0.99999999	0.99999998	0.99999997
1.0000000	1.0000000	1.0000000	1.0000000	1.0000000	1.0000000	1.0000000	1.0000000	1.0000000	1.0000000	1.0000000	1.0000000	1.0000000	1.0000000	1.0000000	1.0000000	1.0000000	1.0000000	1.0000000	1.0000000	1.0000000	1.0000000	1.0000000	1.0000000	1.0000000	1.0000000	1.0000000	1.0000000	1.0000000	1.0000000	1.0000000	1.0000000	1.0000000	1.0000000	1.0000000	0.99999999	0.99999999	0.99999998	0.99999997	0.99999995	0.99999992
1.0000000	1.0000000	1.0000000	1.0000000	1.0000000	1.0000000	1.0000000	1.0000000	1.0000000	1.0000000	1.0000000	1.0000000	1.0000000	1.0000000	1.0000000	1.0000000	1.0000000	1.0000000	1.0000000	1.0000000	1.0000000	1.0000000	1.0000000	1.0000000	1.0000000	1.0000000	1.0000000	1.0000000	1.0000000	1.0000000	1.0000000	1.0000000	1.0000000	0.99999999	0.99999999	0.99999998	0.99999997	0.99999995	0.99999991	0.99999986	0.99999979
1.0000000	1.0000000	1.0000000	1.0000000	1.0000000	1.0000000	1.0000000	1.0000000	1.0000000	1.0000000	1.0000000	1.0000000	1.0000000	1.0000000	1.0000000	1.0000000	1.0000000	1.0000000	1.0000000	1.0000000	1.0000000	1.0000000	1.0000000	1.0000000	1.0000000	1.0000000	1.0000000	1.0000000	1.0000000	1.0000000	1.0000000	0.99999999	0.99999999	0.99999998	0.99999997	0.99999995	0.99999991	0.99999985	0.99999977	0.99999964	0.99999945
1.0000000	1.0000000	1.0000000	1.0000000	1.0000000	1.0000000	1.0000000	1.0000000	1.0000000	1.0000000	1.0000000	1.0000000	1.0000000	1.0000000	1.0000000	1.0000000	1.0000000	1.0000000	1.0000000	1.0000000	1.0000000	1.0000000	1.0000000	1.0000000	1.0000000	1.0000000	1.0000000	1.0000000	1.0000000	1.0000000	0.99999999	0.99999999	0.99999997	0.99999995	0.99999992	0.99999986	0.99999977	0.99999962	0.99999940	0.99999908	0.99999860
1.0000000	1.0000000	1.0000000	1.0000000	1.0000000	1.0000000	1.0000000	1.0000000	1.0000000	1.0000000	1.0000000	1.0000000	1.0000000	1.0000000	1.0000000	1.0000000	1.0000000	1.0000000	1.0000000	1.0000000	1.0000000	1.0000000	1.0000000	1.0000000	1.0000000	1.0000000	1.0000000	1.0000000	0.99999999	0.99999999	0.99999998	0.99999996	0.99999993	0.99999987	0.99999978	0.99999964	0.99999941	0.99999905	0.99999852	0.99999773	0.99999659
1.0000000	1.0000000	1.0000000	1.0000000	1.0000000	1.0000000	1.0000000	1.0000000	1.0000000	1.0000000	1.0000000	1.0000000	1.0000000	1.0000000	1.0000000	1.0000000	1.0000000	1.0000000	1.0000000	1.0000000	1.0000000	1.0000000	1.0000000	1.0000000	1.0000000	1.0000000	1.0000000	0.99999999	0.99999999	0.99999997	0.99999995	0.99999990	0.99999982	0.99999968	0.99999946	0.99999911	0.99999856	0.99999771	0.99999646	0.99999462	0.99999199
1.0000000	1.0000000	1.0000000	1.0000000	1.0000000	1.0000000	1.0000000	1.0000000	1.0000000	1.0000000	1.0000000	1.0000000	1.0000000	1.0000000	1.0000000	1.0000000	1.0000000	1.0000000	1.0000000	1.0000000	1.0000000	1.0000000	1.0000000	1.0000000	1.0000000	1.0000000	0.99999999	0.99999998	0.99999996	0.99999993	0.99999986	0.99999975	0.99999955	0.99999923	0.99999870	0.99999787	0.99999659	0.99999467	0.99999182	0.99998770	0.99998186
1.0000000	1.0000000	1.0000000	1.0000000	1.0000000	1.0000000	1.0000000	1.0000000	1.0000000	1.0000000	1.0000000	1.0000000	1.0000000	1.0000000	1.0000000	1.0000000	1.0000000	1.0000000	1.0000000	1.0000000	1.0000000	1.0000000	1.0000000	1.0000000	1.0000000	0.99999999	0.99999998	0.99999995	0.99999991	0.99999982	0.99999966	0.99999939	0.99999893	0.99999818	0.99999697	0.99999509	0.99999223	0.99998796	0.99998173	0.99997283	0.99996033
1.0000000	1.0000000	1.0000000	1.0000000	1.0000000	1.0000000	1.0000000	1.0000000	1.0000000	1.0000000	1.0000000	1.0000000	1.0000000	1.0000000	1.0000000	1.0000000	1.0000000	1.0000000	1.0000000	1.0000000	1.0000000	1.0000000	1.0000000	0.99999999	0.99999999	0.99999997	0.99999994	0.99999988	0.99999977	0.99999956	0.99999919	0.99999856	0.99999752	0.99999582	0.99999315	0.99998903	0.99998282	0.99997369	0.99996054	0.99994195	0.99991619
1.0000000	1.0000000	1.0000000	1.0000000	1.0000000	1.0000000	1.0000000	1.0000000	1.0000000	1.0000000	1.0000000	1.0000000	1.0000000	1.0000000	1.0000000	1.0000000	1.0000000	1.0000000	1.0000000	1.0000000	1.0000000	1.0000000	0.99999999	0.99999999	0.99999997	0.99999993	0.99999985	0.99999971	0.99999944	0.99999896	0.99999812	0.99999671	0.99999440	0.99999070	0.99998494	0.99997619	0.99996321	0.99994434	0.99991751	0.99988008	0.99982884
1.0000000	1.0000000	1.0000000	1.0000000	1.0000000	1.0000000	1.0000000	1.0000000	1.0000000	1.0000000	1.0000000	1.0000000	1.0000000	1.0000000	1.0000000	1.0000000	1.0000000	1.0000000	1.0000000	1.0000000	1.0000000	0.99999999	0.99999998	0.99999996	0.99999992	0.99999982	0.99999965	0.99999931	0.99999869	0.99999761	0.99999575	0.99999267	0.99998770	0.99997987	0.99996787	0.99994989	0.99992358	0.99988590	0.99983303	0.99976029	0.99966205
1.0000000	1.0000000	1.0000000	1.0000000	1.0000000	1.0000000	1.0000000	1.0000000	1.0000000	1.0000000	1.0000000	1.0000000	1.0000000	1.0000000	1.0000000	1.0000000	1.0000000	1.0000000	1.0000000	1.0000000	0.99999999	0.99999998	0.99999996	0.99999990	0.99999979	0.99999957	0.99999916	0.99999839	0.99999701	0.99999463	0.99999062	0.99998409	0.99997371	0.99995764	0.99993338	0.99989760	0.99984603	0.99977326	0.99967266	0.99953627	0.99935471
1.0000000	1.0000000	1.0000000	1.0000000	1.0000000	1.0000000	1.0000000	1.0000000	1.0000000	1.0000000	1.0000000	1.0000000	1.0000000	1.0000000	1.0000000	1.0000000	1.0000000	1.0000000	1.0000000	0.99999999	0.99999998	0.99999995	0.99999989	0.99999976	0.99999950	0.99999899	0.99999804	0.99999632	0.99999332	0.99998822	0.99997981	0.99996634	0.99994530	0.99991329	0.99986576	0.99979681	0.99969901	0.99956319	0.99937835	0.99913164	0.99880832
1.0000000	1.0000000	1.0000000	1.0000000	1.0000000	1.0000000	1.0000000	1.0000000	1.0000000	1.0000000	1.0000000	1.0000000	1.0000000	1.0000000	1.0000000	1.0000000	1.0000000	1.0000000	0.99999999	0.99999998	0.99999995	0.99999987	0.99999972	0.99999941	0.99999880	0.99999765	0.99999554	0.99999182	0.99998543	0.99997480	0.99995762	0.99993059	0.99988919	0.99982731	0.99973706	0.99960840	0.99942900	0.99918407	0.99885634	0.99842613	0.99787164
1.0000000	1.0000000	1.0000000	1.0000000	1.0000000	1.0000000	1.0000000	1.0000000	1.0000000	1.0000000	0.99999996	0.99999975	0.99999848	0.99999189	0.99996105	0.99982975	0.99931516	0.99744217	0.99106620	0.97064882	0.90884938	0.73132268	0.24563394	-1.0237756	-4.2019976	-11.843529	-29.527216	-68.997234	-154.13167	-331.90732	-691.91003	-1400.0196	-2754.9393	-5280.5619	-9873.1582	-18030.496	-32200.785	-56303.431	-96491.694	-162250.34	-267950.25
1.0000000	1.0000000	1.0000000	1.0000000	1.0000000	1.0000000	1.0000000	1.0000000	1.0000000	1.0000000	1.0000005	1.0000039	1.0000260	1.0001517	1.0007829	1.0036367	1.0154048	1.0601203	1.2179809	1.7393442	3.3595273	8.1202129	21.402639	56.718221	146.48634	365.25065	877.68321	2034.0850	4553.5833	9863.6913	20709.625	42214.816	83674.496	161508.43	304000.89	558732.53	1003980.6	1765855.1	3043578.2	5146137.7	8544598.6
1.0000000	1.0000000	1.0000000	1.0000000	1.0000000	1.0000000	0.99999999	0.99999993	0.99999924	0.99999383	0.99995825	0.99975510	0.99872079	0.99393272	0.97349874	0.89232766	0.59010102	-0.47105711	-4.0122805	-15.423258	-52.442916	-190.92176	-1552.5297	929.52557	474.30849	186.86780	-332.29829	-1457.5776	-3894.1804	-9026.1362	-19510.460	-40305.301	-80407.468	-155712.98	-293609.90	-540181.18	-971255.89	-1709024.7	-2946556.3	-4983354.1	-8276111.9
1.0000000	1.0000000	1.0000000	1.0000000	1.0000000	1.0000000	1.0000000	1.0000007	1.0000087	1.0000833	1.0006237	1.0038957	1.0210748	1.1014277	1.4426345	2.7738812	7.5571611	23.067801	65.147887	146.79137	252.92589	422.69054	1780.0533	-738.41465	-374.97982	-303.89663	-283.98481	-279.30175	-279.97330	-282.63922	-286.04454	-289.70085	-293.41517	-297.11071	-300.75620	-304.33797	-307.84931	-311.28654	-314.64765	-317.93185	-321.13924
1.0000000	1.0000000	1.0000000	1.0000000	0.99999995	0.99999889	0.99998480	0.99985238	0.99888474	0.99303705	0.96255847	0.82137478	0.22680898	-2.0953709	-10.740105	-43.682059	-220.02091	829.17936	243.81872	102.94965	2.5791764	-52.095486	-75.663318	-89.001755	-110.68740	-238.14262	114.86825	18.963962	1.5144274	-4.4072739	-6.8478696	-7.9627297	-8.5145338	-8.8114705	-8.9877015	-9.1044974	-9.1908171	-9.2607095	-9.3211257	-9.3755504	-9.4257367
1.0000000	1.0000000	1.0000000	0.99999999	0.99999996	1.0000062	1.0001509	1.0019145	1.0168376	1.1150480	1.6507554	4.1684079	14.524416	50.549551	140.93966	269.24083	475.76296	-601.21492	-80.042257	-34.035423	-23.350540	-16.304018	-4.4418541	13.242291	41.091453	172.14829	-179.24802	-82.708334	-65.064257	-59.162012	-56.868120	-55.995606	-55.768799	-55.870537	-56.156886	-56.555405	-57.025459	-57.541870	-58.087833	-58.651586	-59.224656
1.0000000	1.0000000	0.99999988	0.99999086	0.99976961	0.99686880	0.97128728	0.79922959	-0.15313542	-4.7264686	-24.889257	-119.28896	-1564.9704	530.44335	240.63327	75.575425	-1.5973534	-21.973738	-27.557420	-43.408374	-1245.9160	40.599925	10.178868	-8.3462213	-20.524435	-27.699885	-33.567462	-45.566876	-196.72379	23.452003	3.4756430	-1.4566302	-3.3223287	-4.1519383	-4.5577043	-4.7727344	-4.8969478	-4.9761990	-5.0324581	-5.0765541	-5.1139167
1.0000000	0.99999999	0.99999784	0.99997945	1.0014073	1.0352359	1.4187344	4.3477029	21.343091	96.010345	292.16628	529.95059	1969.0221	-208.74937	-50.948302	-23.670806	-11.383216	7.1473330	42.130924	86.807487	1290.3256	-11.970686	-2.3764815	-3.5859611	-4.0863524	-1.9110622	3.3067085	16.034441	168.04916	-51.415981	-30.887813	-25.543295	-23.392688	-22.396839	-21.933305	-21.755890	-21.749655	-21.853368	-22.030593	-22.257628	-22.517949
1.0000000	0.99999260	0.99841846	0.95140722	0.34717381	-4.5520588	-35.120451	-226.24436	5198.0515	587.89600	215.78192	-17.476713	-81.315002	-85.190481	-97.677720	-200.16013	6420.4574	323.22364	187.45827	121.57478	95.233386	96.624393	185.07859	-139.29655	-39.291226	-23.876664	-19.590795	-18.156978	-17.907964	-19.691350	-33.150328	24.108930	2.1092943	-1.1035962	-2.1627750	-2.6130897	-2.8366477	-2.9636217	-3.0460163	-3.1066194	-3.1559735
1.0000000	0.99971359	0.99103992	1.3128660	9.3322516	88.995627	467.34175	989.16272	-4523.9244	-123.95503	-36.727042	-25.025669	-6.8506882	57.331625	202.63165	419.14588	-6170.3030	-90.236891	4.2009610	25.614740	2.5538104	-264.35728	-1142.8832	-276.68970	-136.94112	-63.879558	-28.009423	-9.8721734	-1.0608991	4.5707829	19.660535	-36.795717	-14.306787	-10.767582	-9.5139221	-8.9966715	-8.8275171	-8.8629060	-9.0322412	-9.2920170	-9.6111371
1.0000000	0.77752437	-9.5535549	-144.26597	-3000.6953	1190.8112	345.19080	-181.74985	-231.75650	-198.05626	-273.57780	1996.8073	258.28343	118.72291	-26.713964	-142.77510	-179.17511	-183.27856	-195.76856	-217.54722	-177.70518	118.55923	936.54639	407.80471	163.64607	60.462472	10.710863	-9.9383112	-15.937932	-15.486190	-12.713932	-9.4341145	-5.8243526	-6.3541541	-4.0083206	-2.9086492	-2.3024969	-1.9913880	-1.8577414	-1.8272543	-1.8540742
1.0000000	-2.5206152	68.735526	1587.6384	4964.8313	-52.917986	29.428490	-4.4226530	4.2857387	169.49191	565.63788	-1667.4953	-14.797534	12.086817	1.8526950	-6.7481235	0.96538802	82.947496	-1694.0818	-169.05563	-73.084069	-50.829561	-40.286800	-61.290992	-37.208012	-20.149581	-12.621335	-13.523252	-14.779709	-10.912559	-3.5204017	1.7001816	2.8027475	5.6398368	4.4131974	3.7506242	3.0668528	2.2520882	1.2878295	0.21360634	-0.90664333
0.00000000	-3109.1411	3066.4879	-71.655220	-1125.2493	-663.27663	-776.02327	666.97747	248.45658	32.059084	-274.75083	-306.27134	-245.76305	-272.76348	778.00092	99.720662	45.227388	-44.110780	1753.1733	271.94009	222.12495	-229.10614	-24.293624	-7.0151314	-41.723543	-86.538040	-327.90734	231.37543	92.573586	55.599222	36.211123	35.370959	122.09672	-102.35284	-46.693142	-30.029481	-18.917086	-10.741050	-5.4311826	-2.5304040	-1.2263186
-779.00000	-1034.3356	4077.2219	503.50869	46.576294	-125.83567	-448.95964	3970.1664	363.34900	123.05835	39.361229	-3.6694626	78.242891	-194.74333	-3124.5858	265.79726	81.481206	31.594944	7.9332433	-14.713059	-79.294242	304.05069	56.666405	46.427561	68.432924	153.95874	483.38459	-72.038163	27.402322	30.477484	26.697624	26.905719	83.742441	-38.263198	-33.490916	-42.132908	-55.937396	-76.161599	-119.88920	-588.58288	102.89741
0.00000000	6815.5967	-6316.7328	24848.519	461.66254	424.79516	1042.9186	-4736.6911	-752.59615	-2284.0954	152.68855	96.215811	2.3728288	348.91465	2257.4766	-446.90841	-269.43961	146.99099	-2.4727696	-8.4596645	8.0914936	27.306844	31.357413	209.88233	60.570521	8.6893789	-85.357646	-96.840175	-71.447492	-62.390609	-75.057948	-105.19853	-249.22192	106.24694	50.621666	44.696034	48.854960	63.056376	105.60672	579.57401	-99.316863
34619.263	40075.872	808.75767	-26030.227	-1358.8140	-7604.7822	838.17907	140.89690	138.47365	1934.0926	-474.51597	-664.31196	1340.3360	265.92511	43.965146	54.698350	94.426844	-281.04378	-216.39536	66.278396	7.8415498	-0.42302006	8.1674282	-159.93109	-14.101059	-7.2044113	-2.9942228	14.473294	-18.994340	-3.3034051	11.180157	18.788961	3.3242405	1.7724100	6.9043013	7.7721295	6.6156084	4.4994133	0.81501711	-6.4754126	-19.220060
-33230.709	-34801.588	-135.65585	107.17049	464.56825	4993.9359	-544.99172	-13.483456	5.5017406	52.794890	133.88243	386.61761	-51521.381	-145.17446	13.567680	-4.7981406	8.5842489	31.803387	139.43404	-155.00698	80.582644	16.785696	4.9676817	-4.5669124	-11.548513	-88.024209	6.9054047	-8.3962123	32.569626	27.092836	25.502084	21.057811	7.8235147	-12.938824	-17.678968	-13.701483	-9.2195126	-5.7313257	-3.0211399	-0.52020486	2.7059346
-38.771818	-7280.4127	-1237.3975	10.191174	175.03137	2214.9439	-588.76788	-382.47446	-222.52141	-10.831959	45.264709	105.27138	50043.009	-247.18207	-180.80825	-150.04824	-68.135102	22.527287	61.954520	107.68766	-51.431617	106.57441	-23.265657	1.0751512	9.3286080	84.939482	-12.104021	-12.121008	-20.453256	-98.921089	33.977645	19.683291	20.284222	30.656143	5.2673139	-11.543649	-24.061976	-40.991487	-232.62041	27.856910	7.4640846
-773.64889	1.2139434	-612.96360	1033.2743	60.548668	-0.054782020	6.7411258	-91.838371	1707.7115	148.01610	22.017892	0.54066305	1.0890772	5.1480082	-13.026055	-262.52805	309.81723	67.141647	8.4644390	-6.1951581	-13.260366	-86.624967	103.48154	-64.667006	-23.899721	-14.378145	-7.1116348	-6.2723337	10.064713	96.073066	-25.583887	2.3438671	12.453222	-3.0812393	4.2406391	6.7448070	11.150621	23.926712	213.52078	-48.065138	-29.004359
5592.7180	21.061324	713.54870	-1518.0132	-291.74348	-10.960995	38.754308	178.09930	-1690.2500	-289.65969	-153.79739	-51.989372	-0.086569075	19.541199	55.205977	304.92962	-331.58016	-164.55586	-120.66476	-75.641492	188.09896	-266.29518	-233.09321	-55.129035	-65.968797	-7.2829778	35.410460	25.223596	-0.29884952	-20.678892	-40.969291	-63.922344	-161.48673	226.37642	409.01660	-113.11630	-41.378981	-25.564312	-20.186247	-18.973486	-22.445534
-5587.7362	2610.9758	20.248731	-45.896170	-332.45853	12989.877	103.25352	12.503597	-4.9861577	-25.987155	-121.20253	-1580.5210	128.50898	29.176606	5.5947966	-1.7200266	-5.6172693	-15.566769	-46.476934	-126.48692	-440.54108	23.478694	-13.204747	-16.140796	-38.474330	-106.42216	-214.72525	37.371171	-9.2029180	-1.9280595	-7.4111511	613.50021	455.31484	1867.0412	-827.00540	-45.282774	-35.322101	-14.276231	-1.4293970	6.3041758	13.715926
-194.61353	-2119.3742	1.0925307	17.066763	170.73799	-13204.189	-176.16695	-20.704965	1.9239632	22.812808	96.706482	1505.6678	-214.74575	-81.570461	-23.786657	-3.6454844	4.0676902	14.803485	39.938849	92.003478	150.68170	137.57023	77.081266	201.26059	98.982800	86.105481	130.36598	-73.695979	1669.0074	21.937250	35.344672	-562.24867	-307.09738	-2114.2694	397.02829	138.96214	56.875648	18.557751	-1.0691698	-11.110715	-16.204405
-0.21459826	-1016.6957	-699.57122	55.288720	-3.9128971	-43.100190	-167.76216	-341.79159	231.10155	27.848603	2.2933598	-7.9901283	-29.290909	-81.792438	-205.39830	258.68886	38.189245	9.7982162	0.72224681	-2.7285258	-1.7174143	9.9688503	53.330443	-75.570292	3.2049799	3.5760692	8.0288821	-75.532847	-1646.4483	-7.4665435	-45.530371	-23.628365	-10.843856	8.9567545	9.5684680	77.816255	49.131897	51.645825	58.143254	65.374980	62.128352
-422.25173	14.258787	-3416.0445	28.053965	-0.55941228	0.32085733	38.781631	219.53286	-256.92670	-22.524506	-3.8062842	-0.52979637	8.6111667	35.182341	142.57433	-306.14093	-56.482181	-14.295969	-4.3486826	-2.5980623	-3.4156166	-8.8764976	-28.020531	-44.426163	-31.249776	-20.700781	-12.340727	44.643902	-46.149011	-36.911363	12.269697	-0.0075223795	-0.15968277	-0.15289911	4.6618369	-72.868415	-86.719809	-306.22981	7079.9865	964.61485	1010.1688
120.89830	-10.713797	3816.4323	-299.55241	291.64904	7.9052907	-5.1345706	-32.503302	-108.43852	-145.04496	-429.98679	50.495169	7.5754868	-1.3737922	-9.6577456	-29.769552	-61.160750	-94.312656	-490.43991	47.398694	11.877620	2.7902519	-0.83526805	1.9287515	-23.473917	-9.4280181	-5.2365057	3.5924548	-0.21338567	-78.483304	36.438949	11.905758	6.1849846	7.1303328	12.762077	25.786460	64.897555	266.42017	-7156.7347	-1090.4597	-1179.1448
21.334966	-19.001836	-16.112595	-49.758218	2330.7817	22.632974	-0.58292822	-4.0149097	6.8776748	56.355522	440.14532	-23.293024	0.68765036	-0.69464751	-1.4506483	1.7150344	12.697299	47.819341	472.48159	-40.365208	-5.8883622	-6.1547157	-9.1176040	-7.2461665	21.435935	10.998036	10.312019	0.93855630	22.795522	123.81364	32.502742	1261.4194	63.380694	4.5093539	-0.11442913	0.41797362	5.0679859	19.222935	46.319272	82.898029	121.04506
-23.889921	-1.6063408	0.67364427	89.583820	-2755.7675	-187.92017	41.581360	-1.8270306	-4.1169422	-24.509499	-103.11892	-113.31651	-95.682821	374.28189	201.07999	-19.033486	-12.221576	-21.964601	-48.399548	-58.207459	-8.9303675	-155.35630	1551.0576	256.32016	267.26965	593.23592	846.78047	418.27400	139.50887	16.300776	-37.610427	-1255.2532	-84.159497	51.237120	47.525535	49.740249	43.989124	24.361897	-2.2127290	-85.944536	5.2009059
0.79335085	69.060268	-10.655016	-16.938636	-1.1186550	407.08223	6057.4627	-117.87996	-14.166642	-4.7394310	2.3504326	-288.12554	-31158.364	12430.904	105.34201	-393.45739	-103.32038	-17.613562	22.029585	263.15995	70.710324	193.71077	-1386.1582	-88.344759	-20.830847	-539.32133	-1571.5892	-11334.156	-221.00599	-7.4284069	3.5138799	24.830651	369.85119	-1834.3904	15835.908	1222.4166	300.59816	76.009437	-9.6220109	-412.74596	159.78349
-7147.9673	-679.38189	-15.828618	22.812967	-3.9408735	-927.63627	-5333.1595	1442.1876	-118.72056	-109.43294	-96.722669	14.961720	33359.951	-11469.522	-424.78902	743.94207	59.436152	-230.78838	-470.74810	-558.75417	-28466.011	1509.8872	-53.334809	-113.34010	-166.34574	100.47778	904.37731	11144.365	-87.151571	-527.02036	80.553445	1.7960919	-130.89443	2119.1349	-15539.852	-1338.3703	-380.27300	-132.21295	-21.728385	453.84330	-287.09001
669760.76	-1055.9671	-372.54759	-3420.8844	-33144.021	1055.8557	-775.62746	-620.35338	-104.70679	-4970.4787	6059.3810	1072.8199	-2056.5550	-1270.2677	-2204.5916	-148.41085	40.071285	-1067.6204	948.88431	-17.500168	4135.5054	748.07732	4.2646175	-644.56529	336.39123	-9.3179602	-47.344082	-134.04800	6258.8503	1067.6388	2896.3215	165.03830	-506.11014	-191.49095	-154.78927	30.112450	32.471347	49.142114	-9.0337921	62.445145	143.48033
-661777.28	-959.52056	1395.5526	2341.7129	40190.396	15.771658	55.459090	-228.00530	184.92778	5239.6819	-5878.1939	10109.812	-3.9419257	56.146981	1742.2772	-31.380651	41.790399	1454.1396	-436.20209	326.45275	24315.571	-2385.1485	457.44536	226.68372	-421.09632	-176.91695	-53.918787	-5.6799362	-16969.800	-561.05169	-2897.8423	-775.93623	174.74305	-9.9640011	3.8777566	-0.53914709	-1.3150929	11.562047	440.67710	-110.64446	235.03377
-804.03047	5467.9002	2754.8229	543.40658	-3764.3291	-202.85224	1282.9517	425.08514	423.90112	0.38974538	95.418691	-10868.200	-589.32644	-32.085019	1013.3260	272.32824	-280.01455	-65.425282	-33.516087	-1168.3877	467.34293	66.077125	312.20347	512.22977	4.1365159	310.16503	-145.91030	2507.2020	10847.874	7.2586986	-122.22731	-2278.9603	7.7957973	440.43539	-3472.9650	1183.8372	461.28674	361.30803	15147.437	-97.815304	185.66209
0.00000000	0.00000000	0.00000000	0.00000000	0.00000000	0.00000000	0.00000000	0.00000000	0.00000000	0.00000000	0.00000000	0.00000000	0.00000000	0.00000000	0.00000000	0.00000000	0.00000000	0.00000000	0.00000000	0.00000000	0.00000000	0.00000000	0.00000000	0.00000000	0.00000000	0.00000000	0.00000000	0.00000000	0.00000000	0.00000000	0.00000000	0.00000000	0.00000000	0.00000000	0.00000000	0.00000000	0.00000000	0.00000000	0.00000000	0.00000000	0.00000000
0.00000000	0.00000000	0.00000000	0.00000000	0.00000000	0.00000000	0.00000000	0.00000000	0.00000000	0.00000000	0.00000000	0.00000000	0.00000000	0.00000000	0.00000000	0.00000000	0.00000000	0.00000000	0.00000000	0.00000000	0.00000000	0.00000000	0.00000000	0.00000000	0.00000000	0.00000000	0.00000000	0.00000000	0.00000000	0.00000000	0.00000000	0.00000000	0.00000000	0.00000000	0.00000000	0.00000000	0.00000000	0.00000000	0.00000000	0.00000000	0.00000000
Final difference between exponent and Taylor series 
1.0000000	0.00000000	1.0000000	0.00000000
1.0000000	0.00000000	1.0000000	0.00000000
1.0000000	0.00000000	1.0000000	0.00000000
1.0000000	0.00000000	1.0000000	0.00000000
1.0000000	0.00000000	1.0000000	0.00000000
1.0000000	0.00000000	1.0000000	0.00000000
1.0000000	0.00000000	1.0000000	0.00000000
2.3163670	3.3521435	1.0357766	1.2000000
2.6116965	3.9844528	1.3727564	1.2000000
2.9446796	4.7360336	1.7913541	1.2000000
3.3201169	5.6293839	2.3092670	1.2000000
3.7434214	6.6912453	2.9478239	1.2000000
4.2206958	7.9534039	3.7327081	1.2000000
4.7588212	9.4536414	4.6948201	1.2000000
5.3655560	11.236866	5.8713103	1.2000000
6.0496475	13.356458	7.3068104	1.2000000
6.8209585	15.875865	9.0549060	1.2000000
7.6906092	18.870503	11.179894	1.2000000
8.6711377	22.430015	13.758877	1.2000000
9.7766804	26.660951	16.884271	1.2000000
11.023176	31.689963	20.666786	1.2000000
12.428597	37.667588	25.238992	1.2000000
14.013204	44.772764	30.759560	1.2000000
15.799843	53.218176	37.418333	1.2000000
17.814273	63.256634	45.442360	1.2000000
20.085537	75.188628	55.103091	1.2000000
22.646380	89.371336	66.724956	1.2000000
25.533722	106.22930	80.695582	1.2000000
28.789191	126.26716	97.477972	1.2000000
32.459722	150.08473	117.62501	1.2000000
36.598234	178.39497	141.79673	1.2000000
41.264394	212.04531	170.78092	1.2000000
46.525474	252.04307	205.51760	1.2000000
52.457326	299.58554	247.12822	1.2000000
59.145470	356.09587	296.95040	1.2000000
66.686331	423.26565	356.57932	1.2000000
75.188628	503.10556	427.91693	1.2000000
84.774942	598.00553	513.23059	1.2000000
95.583480	710.80633	615.22285	1.2000000
107.77007	844.88456	737.11449	1.2000000
121.51042	1004.2537	882.74333	1.2000000
0.00000000	0.00000000	0.00000000	0.00000000

Vector Modified Chebushev algorithm ...
